100.42487496874219	5.642224385520235e-185
101.78770942735684	5.61663704203906e-185
103.1505438859715	5.591049698557884e-185
104.51337834458614	5.5654623550767084e-185
105.8762128032008	5.539875011595533e-185
107.23904726181546	5.5142876681143576e-185
108.60188172043011	5.488700324633182e-185
109.96471617904477	5.463112981152007e-185
111.3275506376594	5.437525637670832e-185
112.69038509627408	5.411938294189656e-185
114.05321955488871	5.386350950708481e-185
115.41605401350337	5.360763607227306e-185
116.77888847211803	5.33517626374613e-185
118.14172293073268	5.309588920264955e-185
119.50455738934734	5.2840015767837795e-185
120.86739184796198	5.258414233302604e-185
122.23022630657665	5.2328268898214286e-185
123.5930607651913	5.2072395463402526e-185
124.95589522380597	5.181652202859077e-185
126.31872968242061	5.156064859377902e-185
127.68156414103527	5.130477515896726e-185
129.04439859964992	5.104890172415551e-185
130.40723305826455	5.079302828934377e-185
131.77006751687924	5.0537154854532e-185
133.13290197549387	5.028128141972025e-185
134.49573643410855	5.002540798490849e-185
135.85857089272318	4.9769534550096745e-185
137.22140535133784	4.951366111528499e-185
138.5842398099525	4.9257787680473236e-185
139.94707426856712	4.900191424566148e-185
141.3099087271818	4.874604081084973e-185
142.67274318579643	4.8490167376037974e-185
144.03557764441112	4.823429394122621e-185
145.39841210302575	4.797842050641446e-185
146.7612465616404	4.7722547071602705e-185
148.12408102025506	4.746667363679095e-185
149.4869154788697	4.72108002019792e-185
150.84974993748438	4.695492676716744e-185
152.212584396099	4.6699053332355694e-185
153.57541885471366	4.644317989754394e-185
154.93825331332835	4.618730646273218e-185
156.301087771943	4.593143302792042e-185
157.66392223055766	4.5675559593108665e-185
159.02675668917232	4.541968615829691e-185
160.38959114778697	4.5163812723485156e-185
161.7524256064016	4.490793928867341e-185
163.11526006501626	4.4652065853861654e-185
164.47809452363092	4.43961924190499e-185
165.84092898224557	4.4140318984238146e-185
167.20376344086023	4.3884445549426385e-185
168.56659789947489	4.362857211461463e-185
169.92943235808954	4.337269867980288e-185
171.29226681670417	4.311682524499113e-185
172.65510127531883	4.2860951810179375e-185
174.01793573393348	4.260507837536762e-185
175.38077019254814	4.234920494055587e-185
176.7436046511628	4.2093331505744106e-185
178.10643910977745	4.183745807093235e-185
179.4692735683921	4.15815846361206e-185
180.83210802700674	4.132571120130885e-185
182.1949424856214	4.1069837766497096e-185
183.55777694423605	4.081396433168534e-185
184.9206114028507	4.055809089687359e-185
186.28344586146537	4.0302217462061833e-185
187.64628032008002	4.004634402725007e-185
189.00911477869468	3.979047059243832e-185
190.37194923730934	3.9534597157626564e-185
191.73478369592397	3.927872372281482e-185
193.09761815453862	3.902285028800306e-185
194.46045261315328	3.876697685319131e-185
195.82328707176794	3.8511103418379554e-185
197.1861215303826	3.82552299835678e-185
198.54895598899725	3.799935654875604e-185
199.9117904476119	3.7743483113944285e-185
201.27462490622656	3.748760967913253e-185
202.63745936484122	3.723173624432078e-185
204.00029382345588	3.697586280950902e-185
205.36312828207053	3.671998937469727e-185
206.7259627406852	3.6464115939885514e-185
208.08879719929985	3.620824250507376e-185
209.45163165791448	3.5952369070262006e-185
210.8144661165291	3.569649563545026e-185
212.1773005751438	3.54406222006385e-185
213.54013503375847	3.518474876582674e-185
214.9029694923731	3.492887533101499e-185
216.26580395098773	3.467300189620324e-185
217.62863840960242	3.441712846139148e-185
218.9914728682171	3.416125502657972e-185
220.35430732683173	3.3905381591767966e-185
221.71714178544636	3.364950815695622e-185
223.079976244061	3.339363472214447e-185
224.44281070267567	3.313776128733271e-185
225.80564516129036	3.288188785252095e-185
227.16847961990499	3.26260144177092e-185
228.5313140785196	3.237014098289745e-185
229.89414853713424	3.21142675480857e-185
231.25698299574893	3.185839411327394e-185
232.6198174543636	3.160252067846218e-185
233.98265191297824	3.134664724365043e-185
235.34548637159287	3.109077380883868e-185
236.70832083020755	3.083490037402692e-185
238.07115528882224	3.057902693921516e-185
239.43398974743687	3.0323153504403414e-185
240.7968242060515	3.006728006959166e-185
242.15965866466615	2.9811406634779906e-185
243.5224931232808	2.955553319996815e-185
244.8853275818955	2.929965976515639e-185
246.24816204051012	2.9043786330344643e-185
247.61099649912478	2.878791289553289e-185
248.9738309577394	2.8532039460721138e-185
250.3366654163541	2.8276166025909377e-185
251.69949987496875	2.8020292591097623e-185
253.0623343335834	2.776441915628587e-185
254.42516879219804	2.7508545721474118e-185
255.78800325081272	2.7252672286662357e-185
257.1508377094273	2.6996798851850613e-185
258.51367216804204	2.674092541703885e-185
259.87650662665664	2.6485051982227105e-185
261.23934108527135	2.6229178547415337e-185
262.60217554388595	2.5973305112603593e-185
263.9650100025006	2.571743167779184e-185
265.32784446111526	2.5461558242980085e-185
266.6906789197299	2.520568480816833e-185
268.0535133783446	2.4949811373356576e-185
269.41634783695923	2.469393793854482e-185
270.7791822955739	2.4438064503733065e-185
272.14201675418855	2.418219106892131e-185
273.5048512128032	2.3926317634109556e-185
274.86768567141786	2.36704441992978e-185
276.2305201300325	2.3414570764486045e-185
277.5933545886472	2.315869732967429e-185
278.95618904726183	2.2902823894862536e-185
280.3190235058765	2.2646950460050782e-185
281.68185796449114	2.2391077025239025e-185
283.04469242310574	2.213520359042728e-185
284.40752688172046	2.1879330155615516e-185
285.77036134033506	2.1623456720803772e-185
287.13319579894977	2.1367583285992008e-185
288.49603025756437	2.1111709851180264e-185
289.8588647161791	2.0855836416368496e-185
291.2216991747937	2.0599962981556752e-185
292.58453363340834	2.0344089546744998e-185
293.947368092023	2.0088216111933244e-185
295.31020255063765	1.983234267712149e-185
296.6730370092523	1.9576469242309732e-185
298.03587146786697	1.9320595807497978e-185
299.3987059264816	1.9064722372686224e-185
300.7615403850963	1.880884893787447e-185
302.1243748437109	1.8552975503062725e-185
303.4872093023256	1.8297102068250958e-185
304.8500437609402	1.8041228633439213e-185
306.2128782195549	1.778535519862745e-185
307.57571267816957	1.7529481763815695e-185
308.9385471367842	1.7273608329003938e-185
310.3013815953989	1.7017734894192184e-185
311.6642160540135	1.676186145938044e-185
313.0270505126282	1.6505988024568675e-185
314.3898849712428	1.625011458975693e-185
315.7527194298575	1.5994241154945164e-185
317.1155538884721	1.573836772013342e-185
318.4783883470868	1.5482494285321655e-185
319.8412228057014	1.522662085050991e-185
321.20405726431613	1.4970747415698144e-185
322.56689172293073	1.47148739808864e-185
323.9297261815454	1.4459000546074645e-185
325.29256064016005	1.420312711126289e-185
326.6553950987747	1.3947253676451135e-185
328.01822955738936	1.369138024163938e-185
329.381064016004	1.3435506806827625e-185
330.7438984746187	1.317963337201587e-185
332.10673293323333	1.2923759937204115e-185
333.46956739184793	1.2667886502392371e-185
334.83240185046265	1.2412013067580605e-185
336.19523630907725	1.2156139632768861e-185
337.55807076769196	1.1900266197957095e-185
338.92090522630656	1.1644392763145351e-185
340.2837396849213	1.1388519328333585e-185
341.6465741435359	1.1132645893521841e-185
343.00940860215053	1.0876772458710087e-185
344.3722430607652	1.0620899023898333e-185
345.73507751937984	1.0365025589086577e-185
347.0979119779945	1.0109152154274823e-185
348.46074643660916	9.853278719463067e-186
349.8235808952238	9.597405284651313e-186
351.18641535383847	9.341531849839557e-186
352.5492498124531	9.085658415027803e-186
353.9120842710678	8.829784980216048e-186
355.27491872968244	8.573911545404293e-186
356.6377531882971	8.318038110592538e-186
358.00058764691175	8.062164675780783e-186
359.3634221055264	7.806291240969028e-186
360.72625656414107	7.550417806157273e-186
362.08909102275567	7.294544371345529e-186
363.4519254813704	7.0386709365337634e-186
364.814759939985	6.782797501722019e-186
366.1775943985997	6.5269240669102534e-186
367.5404288572143	6.27105063209851e-186
368.903263315829	6.015177197286744e-186
370.2660977744436	5.759303762475e-186
371.62893223305826	5.503430327663245e-186
372.9917666916729	5.24755689285149e-186
374.3546011502876	4.991683458039735e-186
375.71743560890224	4.73581002322798e-186
377.0802700675169	4.479936588416225e-186
378.44310452613155	4.224063153604471e-186
379.8059389847462	3.968189718792716e-186
381.1687734433608	3.712316283980971e-186
382.5316079019755	3.456442849169206e-186
383.8944423605901	3.2005694143574618e-186
385.25727681920483	2.9446959795456966e-186
386.62011127781943	2.688822544733952e-186
387.98294573643415	2.4329491099221866e-186
389.34578019504875	2.1770756751104426e-186
390.7086146536634	1.9212022402986876e-186
392.07144911227806	1.6653288054869324e-186
393.4342835708927	1.4094553706751776e-186
394.7971180295074	1.1535819358634226e-186
396.15995248812203	8.97708501051668e-187
397.5227869467367	6.418350662399131e-187
398.88562140535134	3.859616314281581e-187
400.248455863966	1.3008819661640323e-187
401.61129032258066	1.888851646707814e-185
402.9741247811953	1.4302673959559082e-184
404.33695923980997	4.046014499242146e-183
405.6997936984246	2.878079087143132e-181
407.0626281570393	4.010595157919539e-179
408.42546261565394	9.351214768718692e-177
409.7882970742685	2.4601451621309093e-175
411.15113153288326	1.7403692822465044e-173
412.51396599149786	2.9237442386781044e-171
413.87680045011257	2.772337626555116e-169
415.2396349087272	5.740278870214769e-167
416.6024693673419	2.2612519667822835e-164
417.9653038259565	1.512675155250318e-163
419.32813828457114	1.0236208293710464e-161
420.69097274318574	1.1929942735763832e-158
422.0538072018004	2.2238838334805633e-157
423.4166416604151	4.855385678783202e-156
424.77947611902977	2.8350852145172108e-154
426.1423105776445	3.1150883268271185e-152
427.50514503625914	1.963731869436406e-150
428.86797949487374	7.163525413726345e-149
430.2308139534884	3.147588497892857e-147
431.593648412103	3.576459888026193e-145
432.95648287071765	1.588062459675431e-143
434.3193173293323	7.966581291722825e-142
435.682151787947	1.475547980398775e-138
437.0449862465616	3.03114061703688e-138
438.4078207051763	2.8431153307688377e-135
439.770655163791	9.142290407381272e-135
441.13348962240565	3.7831624828279305e-133
442.49632408102025	2.0831201180473854e-131
443.8591585396349	1.696879592228241e-129
445.22199299824956	4.482781048219697e-128
446.58482745686416	2.2618072432541937e-126
447.9476619154788	9.441041518596686e-125
449.31049637409353	4.761402043729697e-123
450.6733308327082	2.464423797399849e-121
452.0361652913229	1.17557968799729e-118
453.3989997499375	3.996213339828922e-118
454.76183420855216	1.9909180871972394e-115
456.1246686671668	2.728766359250592e-113
457.4875031257814	1.3640193324818227e-111
458.8503375843961	2.700751001371195e-111
460.2131720430108	4.690020721242517e-109
461.57600650162544	1.328549952282951e-108
462.93884096024004	6.946613077289572e-107
464.3016754188547	1.7701867950417218e-104
465.6645098774694	4.5071616327800633e-104
467.02734433608407	3.949852778675286e-102
468.39017879469867	1.139960677675854e-100
469.7530132533133	1.3016786942057816e-97
471.1158477119279	4.834509019385107e-97
472.4786821705427	8.367339344564874e-97
473.8415166291573	7.999516351987422e-94
475.20435108777195	1.6184175994390217e-93
476.56718554638655	1.2766965745581234e-91
477.9300200050012	1.2268457631075844e-90
479.2928544636159	1.1019445251549702e-89
480.6556889222306	5.498704316967404e-88
482.0185233808452	2.3763485435793283e-86
483.38135783945984	7.947088955509952e-85
484.74419229807455	7.122406697681751e-84
486.1070267566892	7.713019971765223e-83
487.4698612153038	3.499210519320987e-81
488.83269567391847	6.5646001331842054e-80
490.1955301325331	8.77882349369529e-79
491.55836459114784	1.611974000093413e-77
492.92119904976244	2.7589619199668252e-76
494.2840335083771	5.758235342001564e-75
495.64686796699175	1.2670017374944637e-73
497.00970242560635	1.870288735313694e-72
498.37253688422106	3.2451144229374584e-71
499.7353713428357	7.215617988026205e-70
501.0982058014504	9.407749389620027e-69
502.461040260065	2.4143191445049036e-67
503.8238747186797	3.1860441456020933e-66
505.18670917729435	4.5910463297990056e-65
506.549543635909	5.5862458926277306e-64
507.9123780945236	1.5917547933370766e-62
509.27521255313826	1.3963161636019397e-61
510.638047011753	1.788268974351483e-60
512.0008814703676	4.1282411956519486e-59
513.3637159289823	1.2104252514604274e-57
514.7265503875968	1.8982860425695515e-56
516.0893848462115	1.7104873522441404e-55
517.4522193048263	1.4382022361879467e-53
518.8150537634409	6.228237281966039e-53
520.1778882220555	1.101827232774373e-52
521.5407226806701	2.4793984647139125e-50
522.9035571392849	5.378043246213303e-50
524.2663915978995	2.0824813148069647e-48
525.6292260565141	1.5497105818143661e-47
526.9920605151287	2.8911730321481484e-47
528.3548949737434	4.300400506086935e-43
529.7177294323582	1.225407280443492e-42
531.0805638909727	2.0207745102781578e-42
532.4433983495874	2.81614174011289e-42
533.806232808202	3.6115089699476223e-42
535.1690672668167	1.3964168552475802e-40
536.5319017254313	5.589572975323976e-40
537.894736184046	9.782729095400372e-40
539.2575706426607	6.759054992422288e-38
540.6204051012753	1.6066899296359045e-37
541.98323955989	2.0756471739972258e-36
543.3460740185046	1.941908991083512e-35
544.7089084771193	3.6762532647673014e-35
546.0717429357339	1.3932764941144903e-33
547.4345773943486	4.105888818834139e-33
548.7974118529633	6.818501143553787e-33
550.1602463115779	3.2339070028231946e-31
551.5230807701926	6.795072933468633e-31
552.8859152288072	1.1897857106944229e-29
554.2487496874218	5.113810140457184e-29
555.6115841460365	9.037834570220599e-29
556.9744186046512	2.5368822053224293e-27
558.3372530632658	6.165874225685081e-27
559.7000875218804	2.698792670160701e-26
561.0629219804952	3.086515976275524e-25
562.4257564391098	5.903152685534744e-25
563.7885908977245	9.056530326484645e-24
565.151425356339	2.7402350791149534e-23
566.5142598149537	4.574817125581596e-23
567.8770942735684	8.952089775146571e-22
569.2399287321831	1.89790686360015e-21
570.6027631907976	1.3496440368620888e-20
571.9655976494123	5.947842405932567e-20
573.328432108027	1.0546040775003046e-19
574.6912665666417	1.2314872717882204e-18
576.0541010252563	3.0005344799384603e-18
577.4169354838709	5.768715808950254e-18
578.7797699424856	6.285924517013193e-17
580.1426044011004	1.1994977453131838e-16
581.5054388597149	7.861351504369296e-16
582.8682733183296	2.331345139784698e-15
584.2311077769442	3.876555129132467e-15
585.5939422355589	3.2258972723770637e-14
586.9567766941735	6.732765990441777e-14
588.3196111527882	2.2363354532066081e-13
589.6824456114028	8.908237506564131e-13
591.0452800700175	1.5580139559921654e-12
592.4081145286322	8.038320084627729e-12
593.7709489872468	1.8675887798531436e-11
595.1337834458615	2.931345551243514e-11
596.4966179044761	1.680121368551397e-10
597.8594523630908	3.1009107077157337e-10
599.2222868217054	9.810312774607968e-10
600.5851212803201	2.5699532043590698e-09
601.9479557389348	4.158875131257343e-09
603.3107901975494	1.5798206164364708e-08
604.673624656164	3.066775396835868e-08
606.0364591147787	6.055867545191352e-08
607.3992935733934	1.7691246182546174e-07
608.762128032008	2.9326624819901e-07
610.1249624906226	7.570020106978266e-07
611.4877969492373	1.5175368734900957e-06
612.850631407852	2.2780717362823015e-06
614.2134658664667	6.189851209685843e-06
615.5763003250813	1.0336979005455494e-05
616.9391347836959	1.920912511714731e-05
618.3019692423106	3.8041604542471236e-05
619.6648037009253	5.68740839677936e-05
621.02763815954	0.00011293669668090848
622.3904726181545	0.00018398572312046144
623.7533070767691	0.00027076277107922415
625.1161415353839	0.0004926953124922942
626.4789759939986	0.0007146278539053458
627.8418104526131	0.0011095631383457026
629.2046449112278	0.0016806547274333193
630.5674793698425	0.0022517463165209837
631.9303138284572	0.003391438438218714
633.2931482870717	0.004603764066990658
634.6559827456864	0.005964386171775416
636.0188172043011	0.007898322190676241
637.3816516629158	0.010024047339184458
638.7444861215304	0.012463435613962768
640.107320580145	0.015213143435393364
641.4701550387597	0.018021948648901064
642.8329894973743	0.020824338889747367
644.195823955989	0.02350188022799122
645.5586584146037	0.025805035157907958
646.9214928732183	0.027669464036802295
648.284327331833	0.028865640256695423
649.6471617904476	0.02927032353348764
651.0099962490623	0.028833162150754908
652.3728307076769	0.02778463786527423
653.7356651662916	0.026480884007845134
655.0984996249063	0.024213076779921645
656.4613340835209	0.021784637652655002
657.8241685421356	0.018980220740715762
659.1870030007502	0.01617580382877652
660.5498374593649	0.013453968399254482
661.9126719179794	0.010829581090462007
663.2755063765942	0.008540016056804175
664.6383408352089	0.006533581028163813
666.0011752938235	0.004892357871917225
667.364009752438	0.003564396653824646
668.7268442110528	0.002541708910623752
670.0896786696675	0.0017561175241911113
671.4525131282821	0.0011940594857479472
672.8153475868967	0.0008065606079116839
674.1781820455113	0.0005069542096809251
675.5410165041261	0.0003440276090510308
676.9038509627408	0.00019120856216837267
678.2666854213553	0.00011405664803055086
679.62951987997	6.489269275341696e-05
680.9923543385846	3.6468854532791774e-05
682.3551887971994	2.0044884013579708e-05
683.7180232558139	1.085123459976557e-05
685.0808577144286	5.6220674972709185e-06
686.4436921730432	2.9151741953775524e-06
687.806526631658	1.4164588480395369e-06
689.1693610902726	7.069702607172217e-07
690.5321955488872	3.2824870704201846e-07
691.8950300075019	1.5672739247683658e-07
693.2578644661165	7.413928520974045e-08
694.6206989247312	3.0966080063769775e-08
695.9835333833458	2.042387803596054e-08
697.3463678419605	9.881676008151307e-09
698.7092023005752	2.4115496632721955e-09
700.0720367591898	1.4583555814389165e-09
701.4348712178045	5.051614996056379e-10
702.7977056764191	1.7193267937450959e-10
704.1605401350338	8.994217350554853e-11
705.5233745936484	1.4974350237822897e-11
706.8862090522631	5.2779732428400925e-12
708.2490435108778	1.8048086934861636e-12
709.6118779694924	6.108711275819072e-13
710.9747124281071	1.8218203619853776e-13
712.3375468867216	6.04622251228409e-14
713.7003813453364	1.8647125534206175e-14
715.063215803951	5.157142093484847e-15
716.4260502625657	1.6070177771620577e-15
717.7888847211802	4.476744602339418e-16
719.1517191797949	1.18290940238467e-16
720.5145536384097	3.383066809011539e-17
721.8773880970243	8.405452613146857e-18
723.2402225556389	2.525360460737025e-18
724.6030570142535	2.3967477223287465e-18
725.9658914728683	2.2681349839204573e-18
727.328725931483	2.1395222455121784e-18
728.6915603900975	2.0109095071039107e-18
730.0543948487121	1.8822967686956318e-18
731.4172293073268	1.7536840302873533e-18
732.7800637659416	1.625071291879064e-18
734.1428982245561	1.4964585534707961e-18
735.5057326831708	1.3678458150625174e-18
736.8685671417854	1.2392330766542387e-18
738.2314016004001	1.1106203382459602e-18
739.5942360590147	9.820075998376815e-19
740.9570705176294	8.533948614294029e-19
742.3199049762441	7.247821230211242e-19
743.6827394348587	5.961693846128457e-19
745.0455738934734	4.675566462045672e-19
746.408408352088	3.389439077962883e-19
747.7712428107027	2.103311693880098e-19
749.1340772693173	8.171843097973131e-20
750.496911727932	4.6894307428547574e-20
751.8597461865467	1.7550704583682607e-19
753.2225806451613	3.0411978424510457e-19
754.585415103776	4.3273252265338345e-19
755.9482495623906	5.613452610616619e-19
757.3110840210053	6.899579994699404e-19
758.6739184796199	8.185707378782189e-19
760.0367529382346	9.471834762864978e-19
761.3995873968493	1.0757962146947767e-18
762.7624218554638	1.204408953103044e-18
764.1252563140786	1.3330216915113337e-18
765.4880907726932	1.4616344299196126e-18
766.8509252313079	1.5902471683278907e-18
768.2137596899224	1.7188599067361588e-18
769.5765941485371	1.8474726451444377e-18
770.9394286071519	1.9760853835527265e-18
772.3022630657665	2.1046981219610054e-18
773.665097524381	2.2333108603692735e-18
775.0279319829957	2.3619235987775516e-18
776.3907664416105	2.4905363371858413e-18
777.7536009002251	2.61914907559412e-18
779.1164353588397	2.7477618140023875e-18
780.4792698174543	2.8763745524106664e-18
781.842104276069	3.0049872908189453e-18
783.2049387346838	3.133600029227234e-18
784.5677731932983	3.2622127676355023e-18
785.930607651913	3.390825506043781e-18
787.2934421105276	3.519438244452059e-18
788.6562765691423	3.648050982860338e-18
790.0191110277569	3.776663721268617e-18
791.3819454863716	3.905276459676895e-18
792.7447799449862	4.033889198085174e-18
794.1076144036009	4.162501936493453e-18
795.4704488622156	4.291114674901731e-18
796.8332833208302	4.41972741331001e-18
798.1961177794449	4.548340151718288e-18
799.5589522380595	4.676952890126568e-18
800.9217866966742	4.805565628534846e-18
802.2846211552888	4.934178366943124e-18
803.6474556139035	5.0627911053514035e-18
805.0102900725182	5.191403843759682e-18
806.3731245311328	5.32001658216796e-18
807.7359589897474	5.4486293205762286e-18
809.0987934483621	5.5772420589845175e-18
810.4616279069768	5.7058547973927956e-18
811.8244623655914	5.834467535801075e-18
813.187296824206	5.9630802742093426e-18
814.5501312828208	6.0916930126176315e-18
815.9129657414354	6.220305751025911e-18
817.2758002000501	6.348918489434189e-18
818.6386346586646	6.4775312278424566e-18
820.0014691172794	6.606143966250747e-18
821.364303575894	6.734756704659025e-18
822.7271380345087	6.863369443067303e-18
824.0899724931232	6.991982181475572e-18
825.4528069517379	7.12059491988385e-18
826.8156414103526	7.249207658292128e-18
828.1784758689672	7.377820396700408e-18
829.541310327582	7.506433135108697e-18
830.9041447861964	7.635045873516953e-18
832.2669792448113	7.763658611925255e-18
833.629813703426	7.892271350333533e-18
834.9926481620405	8.0208840887418e-18
836.3554826206552	8.14949682715008e-18
837.7183170792698	8.278109565558358e-18
839.0811515378845	8.406722303966636e-18
840.4439859964991	8.535335042374916e-18
841.8068204551139	8.663947780783204e-18
843.1696549137283	8.792560519191461e-18
844.5324893723432	8.921173257599762e-18
845.8953238309576	9.049785996008019e-18
847.2581582895724	9.178398734416308e-18
848.6209927481871	9.307011472824587e-18
849.9838272068017	9.435624211232865e-18
851.3466616654164	9.564236949641144e-18
852.7094961240309	9.692849688049412e-18
854.0723305826458	9.821462426457712e-18
855.4351650412602	9.950075164865969e-18
856.797999499875	1.0078687903274259e-17
858.1608339584895	1.0207300641682526e-17
859.5236684171043	1.0335913380090815e-17
860.886502875719	1.0464526118499095e-17
862.2493373343336	1.0593138856907373e-17
863.6121717929482	1.072175159531564e-17
864.9750062515628	1.085036433372392e-17
866.3378407101777	1.097897707213222e-17
867.7006751687921	1.1107589810540476e-17
869.0635096274069	1.1236202548948767e-17
870.4263440860216	1.1364815287357043e-17
871.7891785446362	1.1493428025765324e-17
873.1520130032509	1.1622040764173603e-17
874.5148474618654	1.1750653502581868e-17
875.8776819204801	1.187926624099015e-17
877.2405163790947	1.2007878979398428e-17
878.6033508377094	1.2136491717806706e-17
879.966185296324	1.2265104456214984e-17
881.3290197549388	1.2393717194623274e-17
882.6918542135535	1.2522329933031552e-17
884.0546886721681	1.265094267143983e-17
885.4175231307827	1.27795554098481e-17
886.7803575893973	1.2908168148256377e-17
888.143192048012	1.3036780886664656e-17
889.5060265066267	1.3165393625072934e-17
890.8688609652413	1.3294006363481212e-17
892.2316954238559	1.342261910188948e-17
893.5945298824705	1.3551231840297759e-17
894.9573643410854	1.3679844578706058e-17
896.3201987996999	1.3808457317114327e-17
897.6830332583146	1.3937070055522605e-17
899.0458677169293	1.4065682793930884e-17
900.4087021755439	1.4194295532339165e-17
901.7715366341586	1.4322908270747443e-17
903.1343710927731	1.445152100915571e-17
904.4972055513878	1.458013374756399e-17
905.8600400100024	1.4708746485972268e-17
907.2228744686172	1.4837359224380555e-17
908.5857089272318	1.4965971962788837e-17
909.9485433858465	1.5094584701197115e-17
911.3113778444612	1.5223197439605393e-17
912.6742123030758	1.535181017801367e-17
914.0370467616904	1.548042291642194e-17
915.399881220305	1.5609035654830218e-17
916.7627156789197	1.5737648393238496e-17
918.1255501375343	1.5866261131646774e-17
919.4883845961491	1.5994873870055064e-17
920.8512190547638	1.6123486608463343e-17
922.2140535133784	1.625209934687162e-17
923.5768879719931	1.63807120852799e-17
924.9397224306076	1.6509324823688168e-17
926.3025568892223	1.6637937562096446e-17
927.6653913478369	1.6766550300504724e-17
929.0282258064516	1.6895163038913005e-17
930.3910602650662	1.7023775777321283e-17
931.753894723681	1.715238851572957e-17
933.1167291822957	1.7281001254137852e-17
934.4795636409103	1.740961399254613e-17
935.8423980995249	1.7538226730954396e-17
937.2052325581395	1.7666839469362677e-17
938.5680670167542	1.7795452207770955e-17
939.9309014753688	1.7924064946179233e-17
941.2937359339835	1.805267768458751e-17
942.656570392598	1.818129042299578e-17
944.0194048512127	1.8309903161404058e-17
945.3822393098276	1.8438515899812358e-17
946.7450737684421	1.8567128638220627e-17
948.1079082270568	1.8695741376628905e-17
949.4707426856714	1.8824354115037183e-17
950.8335771442861	1.895296685344546e-17
952.1964116029008	1.908157959185374e-17
953.5592460615153	1.9210192330262008e-17
954.92208052013	1.9338805068670286e-17
956.2849149787446	1.9467417807078564e-17
957.6477494373594	1.9596030545486855e-17
959.010583895974	1.9724643283895133e-17
960.3734183545887	1.985325602230341e-17
961.7362528132034	1.9981868760711692e-17
963.099087271818	2.011048149911997e-17
964.4619217304326	2.0239094237528236e-17
965.8247561890472	2.0367706975936517e-17
967.1875906476619	2.0496319714344795e-17
968.5504251062765	2.0624932452753073e-17
969.9132595648913	2.0753545191161364e-17
971.276094023506	2.0882157929569642e-17
972.6389284821206	2.101077066797792e-17
974.0017629407353	2.1139383406386198e-17
975.3645973993498	2.1267996144794467e-17
976.7274318579645	2.1396608883202745e-17
978.0902663165791	2.1525221621611023e-17
979.4531007751938	2.16538343600193e-17
980.8159352338084	2.178244709842758e-17
982.178769692423	2.1911059836835848e-17
983.5416041510379	2.2039672575244148e-17
984.9044386096525	2.2168285313652426e-17
986.2672730682671	2.2296898052060695e-17
987.6301075268817	2.2425510790468973e-17
988.9929419854964	2.255412352887725e-17
990.355776444111	2.2682736267285532e-17
991.7186109027257	2.281134900569381e-17
993.0814453613402	2.2939961744102076e-17
994.4442798199549	2.3068574482510357e-17
995.8071142785698	2.3197187220918657e-17
997.1699487371843	2.3325799959326923e-17
998.532783195799	2.3454412697735204e-17
999.8956176544136	2.3583025436143482e-17
1001.2584521130283	2.371163817455176e-17
1002.6212865716429	2.3840250912960038e-17
1003.9841210302575	2.3968863651368307e-17
1005.3469554888721	2.4097476389776585e-17
1006.7097899474868	2.4226089128184864e-17
1008.0726244061016	2.4354701866593154e-17
1009.4354588647162	2.4483314605001432e-17
1010.7982933233309	2.461192734340971e-17
1012.1611277819455	2.4740540081817988e-17
1013.5239622405602	2.4869152820226266e-17
1014.8867966991747	2.4997765558634535e-17
1016.2496311577894	2.5126378297042813e-17
1017.612465616404	2.5254991035451095e-17
1018.9753000750187	2.5383603773859373e-17
1020.3381345336334	2.551221651226765e-17
1021.7009689922481	2.564082925067594e-17
1023.0638034508628	2.576944198908422e-17
1024.4266379094774	2.5898054727492497e-17
1025.789472368092	2.6026667465900763e-17
1027.1523068267068	2.6155280204309054e-17
1028.5151412853213	2.628389294271732e-17
1029.8779757439358	2.641250568112559e-17
1031.2408102025506	2.6541118419533882e-17
1032.6036446611652	2.6669731157942148e-17
1033.96647911978	2.6798343896350438e-17
1035.3293135783947	2.692695663475873e-17
1036.6921480370092	2.7055569373166994e-17
1038.054982495624	2.7184182111575285e-17
1039.4178169542386	2.731279484998355e-17
1040.780651412853	2.7441407588391816e-17
1042.1434858714679	2.7570020326800107e-17
1043.5063203300824	2.769863306520838e-17
1044.8691547886972	2.782724580361666e-17
1046.231989247312	2.7955858542024953e-17
1047.5948237059265	2.8084471280433225e-17
1048.9576581645413	2.821308401884151e-17
1050.3204926231558	2.834169675724978e-17
1051.6833270817704	2.847030949565805e-17
1053.0461615403851	2.859892223406634e-17
1054.4089959989997	2.8727534972474604e-17
1055.7718304576144	2.8856147710882894e-17
1057.134664916229	2.898476044929116e-17
1058.4974993748435	2.911337318769943e-17
1059.8603338334585	2.924198592610774e-17
1061.223168292073	2.9370598664516006e-17
1062.5860027506876	2.949921140292428e-17
1063.9488372093024	2.962782414133257e-17
1065.311671667917	2.9756436879740835e-17
1066.6745061265317	2.9885049618149125e-17
1068.0373405851462	3.001366235655739e-17
1069.4001750437608	3.0142275094965657e-17
1070.7630095023756	3.027088783337395e-17
1072.1258439609903	3.039950057178224e-17
1073.4886784196049	3.0528113310190503e-17
1074.8515128782196	3.0656726048598794e-17
1076.2143473368342	3.0785338787007066e-17
1077.577181795449	3.091395152541535e-17
1078.9400162540635	3.104256426382362e-17
1080.302850712678	3.117117700223189e-17
1081.6656851712928	3.129978974064018e-17
1083.0285196299074	3.1428402479048444e-17
1084.3913540885221	3.1557015217456734e-17
1085.754188547137	3.1685627955865025e-17
1087.1170230057514	3.181424069427329e-17
1088.4798574643662	3.194285343268158e-17
1089.8426919229807	3.2071466171089847e-17
1091.2055263815953	3.220007890949812e-17
1092.56836084021	3.232869164790641e-17
1093.9311952988246	3.2457304386314675e-17
1095.2940297574394	3.2585917124722965e-17
1096.656864216054	3.271452986313123e-17
1098.0196986746687	3.284314260153952e-17
1099.3825331332835	3.297175533994781e-17
1100.745367591898	3.310036807835608e-17
1102.1082020505125	3.3228980816764344e-17
1103.4710365091273	3.3357593555172634e-17
1104.8338709677419	3.3486206293580906e-17
1106.1967054263566	3.361481903198919e-17
1107.5595398849712	3.374343177039746e-17
1108.9223743435857	3.387204450880573e-17
1110.2852088022007	3.4000657247214037e-17
1111.6480432608153	3.412926998562231e-17
1113.0108777194298	3.4257882724030575e-17
1114.3737121780446	3.4386495462438865e-17
1115.736546636659	3.451510820084713e-17
1117.0993810952739	3.464372093925542e-17
1118.4622155538884	3.477233367766369e-17
1119.825050012503	3.490094641607196e-17
1121.1878844711177	3.502955915448025e-17
1122.5507189297325	3.5158171892888534e-17
1123.913553388347	3.5286784631296806e-17
1125.2763878469618	3.5415397369705096e-17
1126.6392223055764	3.554401010811336e-17
1128.0020567641911	3.567262284652165e-17
1129.3648912228057	3.580123558492992e-17
1130.7277256814202	3.5929848323338184e-17
1132.090560140035	3.6058461061746474e-17
1133.4533945986495	3.6187073800154746e-17
1134.8162290572643	3.631568653856303e-17
1136.179063515879	3.644429927697132e-17
1137.5418979744936	3.657291201537959e-17
1138.9047324331084	3.670152475378788e-17
1140.267566891723	3.683013749219615e-17
1141.6304013503375	3.6958750230604415e-17
1142.9932358089522	3.7087362969012705e-17
1144.3560702675668	3.721597570742097e-17
1145.7189047261816	3.734458844582926e-17
1147.081739184796	3.747320118423753e-17
1148.4445736434109	3.760181392264582e-17
1149.8074081020256	3.773042666105411e-17
1151.1702425606402	3.7859039399462374e-17
1152.5330770192547	3.7987652137870646e-17
1153.8959114778695	3.8116264876278936e-17
1155.258745936484	3.82448776146872e-17
1156.6215803950988	3.837349035309549e-17
1157.9844148537134	3.850210309150376e-17
1159.347249312328	3.8630715829912024e-17
1160.710083770943	3.875932856832034e-17
1162.0729182295574	3.8887941306728605e-17
1163.435752688172	3.901655404513687e-17
1164.7985871467868	3.914516678354516e-17
1166.1614216054013	3.9273779521953433e-17
1167.524256064016	3.940239226036172e-17
1168.8870905226306	3.953100499876999e-17
1170.2499249812452	3.9659617737178255e-17
1171.61275943986	3.9788230475586546e-17
1172.9755938984747	3.9916843213994836e-17
1174.3384283570892	4.00454559524031e-17
1175.701262815704	4.017406869081139e-17
1177.0640972743186	4.030268142921966e-17
1178.4269317329333	4.043129416762795e-17
1179.7897661915479	4.0559906906036214e-17
1181.1526006501624	4.0688519644444486e-17
1182.5154351087772	4.0817132382852777e-17
1183.8782695673917	4.094574512126104e-17
1185.2411040260065	4.107435785966933e-17
1186.6039384846213	4.1202970598077623e-17
1187.9667729432358	4.133158333648589e-17
1189.3296074018506	4.146019607489418e-17
1190.6924418604651	4.1588808813302445e-17
1192.0552763190797	4.171742155171071e-17
1193.4181107776944	4.1846034290119e-17
1194.780945236309	4.1974647028527274e-17
1196.1437796949238	4.210325976693556e-17
1197.5066141535383	4.223187250534383e-17
1198.869448612153	4.236048524375212e-17
1200.2322830707678	4.2489097982160405e-17
1201.5951175293824	4.2617710720568676e-17
1202.957951987997	4.274632345897694e-17
1204.3207864466117	4.287493619738523e-17
1205.6836209052262	4.30035489357935e-17
1207.046455363841	4.313216167420179e-17
1208.4092898224555	4.3260774412610055e-17
1209.77212428107	4.3389387151018327e-17
1211.134958739685	4.3517999889426636e-17
1212.4977931982996	4.36466126278349e-17
1213.8606276569142	4.3775225366243173e-17
1215.223462115529	4.3903838104651464e-17
1216.5862965741435	4.403245084305973e-17
1217.9491310327583	4.416106358146802e-17
1219.3119654913728	4.4289676319876286e-17
1220.6747999499873	4.441828905828455e-17
1222.0376344086021	4.454690179669284e-17
1223.4004688672167	4.4675514535101114e-17
1224.7633033258314	4.48041272735094e-17
1226.1261377844462	4.493274001191769e-17
1227.4889722430607	4.506135275032596e-17
1228.8518067016755	4.5189965488734245e-17
1230.21464116029	4.5318578227142517e-17
1231.5774756189048	4.544719096555081e-17
1232.9403100775194	4.557580370395907e-17
1234.303144536134	4.570441644236734e-17
1235.6659789947487	4.583302918077563e-17
1237.0288134533635	4.596164191918392e-17
1238.391647911978	4.6090254657592185e-17
1239.7544823705928	4.6218867396000476e-17
1241.1173168292073	4.634748013440874e-17
1242.480151287822	4.647609287281703e-17
1243.8429857464366	4.6604705611225304e-17
1245.2058202050512	4.673331834963357e-17
1246.568654663666	4.686193108804186e-17
1247.9314891222805	4.6990543826450126e-17
1249.2943235808953	4.7119156564858417e-17
1250.65715803951	4.724776930326671e-17
1252.0199924981246	4.737638204167497e-17
1253.3828269567393	4.7504994780083263e-17
1254.7456614153539	4.763360751849153e-17
1256.1084958739684	4.77622202568998e-17
1257.4713303325832	4.7890832995308085e-17
1258.8341647911977	4.801944573371636e-17
1260.1969992498125	4.814805847212465e-17
1261.559833708427	4.8276671210532913e-17
1262.9226681670418	4.8405283948941204e-17
1264.2855026256566	4.853389668734949e-17
1265.6483370842711	4.866250942575776e-17
1267.0111715428857	4.8791122164166026e-17
1268.3740060015004	4.8919734902574316e-17
1269.736840460115	4.904834764098258e-17
1271.0996749187298	4.917696037939087e-17
1272.4625093773443	4.9305573117799144e-17
1273.8253438359588	4.943418585620741e-17
1275.1881782945738	4.956279859461572e-17
1276.5510127531884	4.9691411333023985e-17
1277.913847211803	4.9820024071432257e-17
1279.2766816704177	4.994863680984055e-17
1280.6395161290322	5.007724954824881e-17
1282.002350587647	5.0205862286657103e-17
1283.3651850462616	5.033447502506537e-17
1284.728019504876	5.046308776347364e-17
1286.0908539634909	5.0591700501881925e-17
1287.4536884221056	5.0720313240290216e-17
1288.8165228807202	5.084892597869849e-17
1290.179357339335	5.097753871710677e-17
1291.5421917979495	5.1106151455515044e-17
1292.9050262565643	5.123476419392333e-17
1294.2678607151788	5.13633769323316e-17
1295.6306951737934	5.1491989670739866e-17
1296.9935296324081	5.1620602409148157e-17
1298.3563640910227	5.174921514755642e-17
1299.7191985496374	5.187782788596471e-17
