100.42487496874219	1.4835964954753366e-05
101.78770942735684	1.703222882755501e-05
103.1505438859715	1.7896473351841694e-05
104.51337834458614	2.5732282605315228e-05
105.8762128032008	3.85244605789696e-05
107.23904726181546	4.854258152543896e-05
108.60188172043011	5.9867868450586294e-05
109.96471617904477	7.502261326813166e-05
111.3275506376594	0.00010771582785033702
112.69038509627408	0.00015967926707401197
114.05321955488871	0.00032554230806291573
115.41605401350337	0.0003863620728666988
116.77888847211803	0.0004961909894775589
118.14172293073268	0.0005805597135472785
119.50455738934734	0.0007217905794482846
120.86739184796198	0.0008370421314367582
122.23022630657665	0.0009222401680565155
123.5930607651913	0.000978679100946188
124.95589522380597	0.0010514713043766476
126.31872968242061	0.0011746783081192003
127.68156414103527	0.0015864022506056666
129.04439859964992	0.0019009123072947145
130.40723305826455	0.00207360672904686
131.77006751687924	0.002305992044416612
133.13290197549387	0.002461823724041279
134.49573643410855	0.0025245446806725354
135.85857089272318	0.0025323984586289186
137.22140535133784	0.0025961774685724684
138.5842398099525	0.0028396546983151623
139.94707426856712	0.0034686749496037543
141.3099087271818	0.005580611551431467
142.67274318579643	0.010078604709802725
144.03557764441112	0.01116007170031624
145.39841210302575	0.011953177557213904
146.7612465616404	0.012921426895716296
148.12408102025506	0.01352055622187087
149.4869154788697	0.014159420165227095
150.84974993748438	0.01444714313310543
152.212584396099	0.014639311178790087
153.57541885471366	0.01466381832991708
154.93825331332835	0.014801358813529505
156.301087771943	0.014875256001512746
157.66392223055766	0.015013312356264035
159.02675668917232	0.015535491456255213
160.38959114778697	0.016357610178166573
161.7524256064016	0.017530187093007812
163.11526006501626	0.018171310387907504
164.47809452363092	0.01835721740713286
165.84092898224557	0.0184090353840745
167.20376344086023	0.018700857854791753
168.56659789947489	0.01933131691879391
169.92943235808954	0.020745428222369643
171.29226681670417	0.021664319732460212
172.65510127531883	0.022223054808159448
174.01793573393348	0.023334643912770136
175.38077019254814	0.02417965119877368
176.7436046511628	0.024594048466411878
178.10643910977745	0.025214987830574992
179.4692735683921	0.0257121798392049
180.83210802700674	0.025967615800180057
182.1949424856214	0.0261261900735671
183.55777694423605	0.02622631106750348
184.9206114028507	0.02628420150766914
186.28344586146537	0.026289987462315718
187.64628032008002	0.026303567670199104
189.00911477869468	0.026399184756310298
190.37194923730934	0.02661692544331695
191.73478369592397	0.026854599084344035
193.09761815453862	0.027160030071183755
194.46045261315328	0.027293820905325193
195.82328707176794	0.027391289432147588
197.1861215303826	0.027968075264693346
198.54895598899725	0.029028525791462853
199.9117904476119	0.030515446341786844
201.27462490622656	0.032037007674282615
202.63745936484122	0.03333433207191837
204.00029382345588	0.034810494804793146
205.36312828207053	0.03560311923456507
206.7259627406852	0.03822444142918439
208.08879719929985	0.0408528067891236
209.45163165791448	0.04197003003606188
210.8144661165291	0.04340693108444797
212.1773005751438	0.04414126032117843
213.54013503375847	0.044314730350431264
214.9029694923731	0.04433920180983013
216.26580395098773	0.0447259987460745
217.62863840960242	0.04572100716679959
218.9914728682171	0.04668100277128663
220.35430732683173	0.048459378266045024
221.71714178544636	0.049432024322578906
223.079976244061	0.05072060293716447
224.44281070267567	0.05238004054489102
225.80564516129036	0.05344406876570053
227.16847961990499	0.054382455479521516
228.5313140785196	0.05534734125302848
229.89414853713424	0.05570869285540543
231.25698299574893	0.05574995235538877
232.6198174543636	0.055954111441231386
233.98265191297824	0.05657102020955825
235.34548637159287	0.05728689810051441
236.70832083020755	0.05741362495646101
238.07115528882224	0.05825528404586617
239.43398974743687	0.06045432559653741
240.7968242060515	0.062322230954432026
242.15965866466615	0.06257541885377649
243.5224931232808	0.063531252868209
244.8853275818955	0.06511887654313397
246.24816204051012	0.06608929663421563
247.61099649912478	0.06637973273041957
248.9738309577394	0.06662415483352391
250.3366654163541	0.06667665837434054
251.69949987496875	0.0668978372211226
253.0623343335834	0.06761014765217434
254.42516879219804	0.0691583439891994
255.78800325081272	0.07122211497023193
257.1508377094273	0.07566951914872168
258.51367216804204	0.07981916295997188
259.87650662665664	0.08109880074066635
261.23934108527135	0.08580970108712409
262.60217554388595	0.08822672212068321
263.9650100025006	0.08904480570721059
265.32784446111526	0.09147641146998817
266.6906789197299	0.09909221300360915
268.0535133783446	0.10921586122093878
269.41634783695923	0.11958341019357537
270.7791822955739	0.12989058366735276
272.14201675418855	0.13641864877565968
273.5048512128032	0.14337334687185532
274.86768567141786	0.14948334210508593
276.2305201300325	0.15633262287544358
277.5933545886472	0.15940160532271258
278.95618904726183	0.16154640103108042
280.3190235058765	0.16692439469656192
281.68185796449114	0.1717600705652886
283.04469242310574	0.17570527550581813
284.40752688172046	0.17767744442531688
285.77036134033506	0.17909593717823713
287.13319579894977	0.1794930316762613
288.49603025756437	0.17961399657911417
289.8588647161791	0.1797646880220467
291.2216991747937	0.18021234592502108
292.58453363340834	0.18153437608683498
293.947368092023	0.18400815213282162
295.31020255063765	0.18731280594785643
296.6730370092523	0.19000735743080968
298.03587146786697	0.193514658378918
299.3987059264816	0.1966295452508829
300.7615403850963	0.20675367383782073
302.1243748437109	0.30498579032606526
303.4872093023256	0.6855576957854166
304.8500437609402	1.0096113162302887
306.2128782195549	1.6731781670100596
307.57571267816957	2.479633609573644
308.9385471367842	3.4795411008488353
310.3013815953989	3.888500322592107
311.6642160540135	4.272082097507467
313.0270505126282	4.962596425915946
314.3898849712428	5.382618085353116
315.7527194298575	5.84016979397042
317.1155538884721	6.890765069639417
318.4783883470868	8.098603944767511
319.8412228057014	9.229869733287373
321.20405726431613	10.35754006667135
322.56689172293073	10.833617481466527
323.9297261815454	11.806119998523355
325.29256064016005	12.79111686408653
326.6553950987747	12.90331601641451
328.01822955738936	12.937136498812194
329.381064016004	12.995539155564693
330.7438984746187	12.936146384937791
332.10673293323333	13.592518514253726
333.46956739184793	13.584074507472256
334.83240185046265	13.229870702747123
336.19523630907725	11.83381459945741
337.55807076769196	11.064539610484932
338.92090522630656	9.698828754348742
340.2837396849213	9.563973608642387
341.6465741435359	8.87145165501015
343.00940860215053	7.240049778584569
344.3722430607652	6.55578554926035
345.73507751937984	8.792495746325827
347.0979119779945	9.981118155083907
348.46074643660916	9.885368032895546
349.8235808952238	8.943329413696933
351.18641535383847	8.672937940001761
352.5492498124531	8.433066438982483
353.9120842710678	9.309771018842657
355.27491872968244	10.24518299708702
356.6377531882971	10.884484448009866
358.00058764691175	13.93336669627938
359.3634221055264	14.916926972855137
360.72625656414107	15.896265304484213
362.08909102275567	16.716096502000795
363.4519254813704	14.523815383228861
364.814759939985	12.734391188642325
366.1775943985997	12.222571687571843
367.5404288572143	12.77248151654072
368.903263315829	14.780524736165653
370.2660977744436	17.46157058266949
371.62893223305826	19.25606612898549
372.9917666916729	20.290086320434405
374.3546011502876	19.698123744444295
375.71743560890224	18.236869261593583
377.0802700675169	17.18257949427235
378.44310452613155	17.01026640593892
379.8059389847462	16.205696250300512
381.1687734433608	16.721220516322955
382.5316079019755	18.815601018204703
383.8944423605901	19.9593103762223
385.25727681920483	20.53240428461167
386.62011127781943	19.837063990491224
387.98294573643415	17.47852967149453
389.34578019504875	18.782438277882168
390.7086146536634	21.755182240651603
392.07144911227806	27.329531619429485
393.4342835708927	36.80703787792536
394.7971180295074	37.556386947869214
396.15995248812203	41.90808908365343
397.5227869467367	49.95420427455305
398.88562140535134	57.10814775409881
400.248455863966	70.04786065003742
401.61129032258066	78.33475930612934
402.9741247811953	85.44001359464939
404.33695923980997	93.84343431797912
405.6997936984246	100.57730097586959
407.0626281570393	109.06838415794769
408.42546261565394	116.10634063713009
409.7882970742685	114.79228211495784
411.15113153288326	106.8356001517871
412.51396599149786	104.7320930137688
413.87680045011257	101.017862096996
415.2396349087272	91.87446611890783
416.6024693673419	85.77998041884685
417.9653038259565	75.26219770602899
419.32813828457114	66.19157602594784
420.69097274318574	61.2329570772276
422.0538072018004	55.36372459353686
423.4166416604151	54.88662688623732
424.77947611902977	54.771725659820476
426.1423105776445	51.15063046618465
427.50514503625914	53.759603304472826
428.86797949487374	60.79423832281575
430.2308139534884	66.20269706477904
431.593648412103	74.29362261451296
432.95648287071765	82.73217657503638
434.3193173293323	87.94502175415607
435.682151787947	91.56567047535647
437.0449862465616	95.65148215395595
438.4078207051763	97.90644217764954
439.770655163791	100.95887152593629
441.13348962240565	103.23505192738463
442.49632408102025	102.17687978497835
443.8591585396349	100.32977550145931
445.22199299824956	98.52213145060735
446.58482745686416	95.08358736869197
447.9476619154788	97.85660228963424
449.31049637409353	98.82673888938818
450.6733308327082	95.19214864250094
452.0361652913229	92.62723082967015
453.3989997499375	95.63822946907247
454.76183420855216	93.46536680720673
456.1246686671668	92.71729403946689
457.4875031257814	92.29626267883681
458.8503375843961	89.28226886371685
460.2131720430108	86.34223104947621
461.57600650162544	86.7302064145212
462.93884096024004	87.33291983961853
464.3016754188547	85.59782934221539
465.6645098774694	84.90217100694896
467.02734433608407	83.39099690700168
468.39017879469867	80.81846970026334
469.7530132533133	79.47862591564643
471.1158477119279	77.13816491043663
472.4786821705427	74.89896435257877
473.8415166291573	74.37624483323499
475.20435108777195	72.88747137877927
476.56718554638655	72.76773400860425
477.9300200050012	73.82176258845371
479.2928544636159	73.60708531661521
480.6556889222306	76.17763753709454
482.0185233808452	79.57681304129787
483.38135783945984	85.07534563051749
484.74419229807455	93.05595266450575
486.1070267566892	105.94701970874233
487.4698612153038	110.0457454236646
488.83269567391847	109.284860936246
490.1955301325331	110.13591223254635
491.55836459114784	111.696025349987
492.92119904976244	110.53579068230096
494.2840335083771	110.82280957970964
495.64686796699175	113.69876245167363
497.00970242560635	116.09939159534954
498.37253688422106	117.84747759062984
499.7353713428357	122.16710776550697
501.0982058014504	123.47355382311717
502.461040260065	122.09378825580704
503.8238747186797	113.91806240577738
505.18670917729435	106.49316346306887
506.549543635909	100.04942790766003
507.9123780945236	99.37412403675029
509.27521255313826	107.19452681168717
510.638047011753	112.10323374515522
512.0008814703676	116.91644210881758
513.3637159289823	121.13596303368804
514.7265503875968	128.8292687503509
516.0893848462115	138.71036797437822
517.4522193048263	146.62108392552634
518.8150537634409	152.16338547446526
520.1778882220555	159.6374745669618
521.5407226806701	167.7249186198831
522.9035571392849	171.9415341676469
524.2663915978995	179.76119914492395
525.6292260565141	184.30265693262484
526.9920605151287	188.3659766928342
528.3548949737434	193.69267825982635
529.7177294323582	198.11479173053175
531.0805638909727	194.22726185535387
532.4433983495874	192.49986088745393
533.806232808202	198.04631908513383
535.1690672668167	202.28658756220847
536.5319017254313	204.42120584619917
537.894736184046	204.84581683984746
539.2575706426607	204.85829647615648
540.6204051012753	207.80841409160408
541.98323955989	211.31623705638083
543.3460740185046	213.7841308479068
544.7089084771193	211.40644934156902
546.0717429357339	205.4557310510452
547.4345773943486	201.06672310647875
548.7974118529633	197.90996471706953
550.1602463115779	192.50544103359135
551.5230807701926	187.54732215073625
552.8859152288072	184.64568428444832
554.2487496874218	178.85563410090643
555.6115841460365	177.04888984346968
556.9744186046512	174.55110246117917
558.3372530632658	172.92744515317054
559.7000875218804	171.93337739523156
561.0629219804952	181.0109470692541
562.4257564391098	183.87802530736795
563.7885908977245	188.21180322562344
565.151425356339	194.15655715610512
566.5142598149537	201.97197201589196
567.8770942735684	205.10867033053
569.2399287321831	209.03945579821766
570.6027631907976	206.22470729856107
571.9655976494123	200.35471209662012
573.328432108027	193.6472732836914
574.6912665666417	186.24492751640753
576.0541010252563	182.00640226173226
577.4169354838709	179.741121747779
578.7797699424856	177.77791891169355
580.1426044011004	176.69359651380236
581.5054388597149	174.47166970596567
582.8682733183296	173.55924304974084
584.2311077769442	172.72441813564504
585.5939422355589	171.03817937107112
586.9567766941735	170.092492464796
588.3196111527882	169.6575704473989
589.6824456114028	167.84578831923585
591.0452800700175	167.539986365631
592.4081145286322	173.41218531220687
593.7709489872468	179.84539154666814
595.1337834458615	183.46866215805082
596.4966179044761	185.7614089950972
597.8594523630908	191.3037073231899
599.2222868217054	199.47647762997482
600.5851212803201	211.63730505198663
601.9479557389348	213.82382339780332
603.3107901975494	216.84423869083489
604.673624656164	220.10909737880158
606.0364591147787	223.35071364941987
607.3992935733934	224.8547246282896
608.762128032008	224.43493296350914
610.1249624906226	223.89090467528268
611.4877969492373	224.77299260444605
612.850631407852	225.75993455690943
614.2134658664667	225.83973305269694
615.5763003250813	226.0239003046332
616.9391347836959	227.60941394314992
618.3019692423106	226.76231550526006
619.6648037009253	227.65228778079972
621.02763815954	226.2633058986336
622.3904726181545	221.68806665307932
623.7533070767691	214.05187953526425
625.1161415353839	207.61510360472553
626.4789759939986	205.8773581579571
627.8418104526131	201.4253686841937
629.2046449112278	193.65518572829433
630.5674793698425	190.05342443637343
631.9303138284572	199.4558267420345
633.2931482870717	213.48284291832482
634.6559827456864	223.92759104172717
636.0188172043011	237.90218330882686
637.3816516629158	253.88929967413762
638.7444861215304	274.39161892029887
640.107320580145	295.18960246287526
641.4701550387597	309.6555486021252
642.8329894973743	321.43015452541385
644.195823955989	334.11108347630756
645.5586584146037	345.9011298679097
646.9214928732183	354.6641105681253
648.284327331833	361.32539607094657
649.6471617904476	365.5853888594944
651.0099962490623	365.8104380199932
652.3728307076769	367.98846498417294
653.7356651662916	367.9300709936373
655.0984996249063	366.0219727660139
656.4613340835209	361.375485334556
657.8241685421356	355.49642391809317
659.1870030007502	349.7380451059938
660.5498374593649	341.69734722107233
661.9126719179794	333.2932992194182
663.2755063765942	323.52729675842886
664.6383408352089	315.55284908575175
666.0011752938235	305.36856485983515
667.364009752438	294.4623229407144
668.7268442110528	280.8809009196059
670.0896786696675	267.7203429815746
671.4525131282821	256.6060123601594
672.8153475868967	249.3998718023293
674.1781820455113	241.03994768153936
675.5410165041261	234.1273385519729
676.9038509627408	231.78924753426168
678.2666854213553	230.75933231011612
679.62951987997	233.5386823618163
680.9923543385846	244.70373171940537
682.3551887971994	258.48171463591717
683.7180232558139	277.48586691170306
685.0808577144286	298.21572175401775
686.4436921730432	320.2081555090959
687.806526631658	349.4256926839518
689.1693610902726	383.4792831682881
690.5321955488872	427.08122864158395
691.8950300075019	432.9375872587602
693.2578644661165	441.78758780871027
694.6206989247312	449.7688304879389
695.9835333833458	451.0504341815082
697.3463678419605	456.9803343189272
698.7092023005752	455.3739144927056
700.0720367591898	451.4362348878751
701.4348712178045	452.27883982879786
702.7977056764191	452.21485944053205
704.1605401350338	455.6556479490377
705.5233745936484	457.04173560739287
706.8862090522631	453.6282100706217
708.2490435108778	456.25086110942226
709.6118779694924	456.6630675025754
710.9747124281071	460.18975467119503
712.3375468867216	463.77976183141436
713.7003813453364	464.6752507277556
715.063215803951	471.7987152705159
716.4260502625657	483.4646804378311
717.7888847211802	496.53552231711757
719.1517191797949	508.70434976778637
720.5145536384097	512.4628250495714
721.8773880970243	559.4247213612116
723.2402225556389	609.0648882458396
724.6030570142535	663.8733360755177
725.9658914728683	726.4271572773614
727.328725931483	783.1975297324566
728.6915603900975	849.8779881133738
730.0543948487121	916.8444776048805
731.4172293073268	980.6483524687809
732.7800637659416	1047.4478923222823
734.1428982245561	1109.7534729362835
735.5057326831708	1173.9913129200334
736.8685671417854	1241.5954921093978
738.2314016004001	1305.0997079814488
739.5942360590147	1369.9153868258131
740.9570705176294	1433.7201924064193
742.3199049762441	1494.8153918959392
743.6827394348587	1553.6952825202707
745.0455738934734	1578.4068138618784
746.408408352088	1593.3761249260426
747.7712428107027	1609.1570361074869
749.1340772693173	1596.5485932892
750.496911727932	1580.9996256300285
751.8597461865467	1539.3991946404888
753.2225806451613	1489.192572972729
754.585415103776	1444.9854541821458
755.9482495623906	1387.6657656563418
757.3110840210053	1345.1124620050098
758.6739184796199	1310.0498923306247
760.0367529382346	1277.8667039365441
761.3995873968493	1236.82369067752
762.7624218554638	1197.8484366636853
764.1252563140786	1158.7794652552934
765.4880907726932	1119.7743223922782
766.8509252313079	1089.3384926479414
768.2137596899224	1053.6955515455543
769.5765941485371	1011.2304260860028
770.9394286071519	969.8933941268272
772.3022630657665	928.5675352641574
773.665097524381	896.3917695431932
775.0279319829957	896.9767953123022
776.3907664416105	897.8226636805081
777.7536009002251	889.2397536354775
779.1164353588397	911.5784822087599
780.4792698174543	935.2970799473795
781.842104276069	988.8794923771591
783.2049387346838	1045.602027970309
784.5677731932983	1094.1636908689786
785.930607651913	1156.5573170192445
787.2934421105276	1209.9181975535462
788.6562765691423	1255.1093403834595
790.0191110277569	1300.8594304519681
791.3819454863716	1361.4229068067523
792.7447799449862	1415.6796249993283
794.1076144036009	1477.5242946912135
795.4704488622156	1542.6106665191248
796.8332833208302	1598.8966464573953
798.1961177794449	1660.4210684905222
799.5589522380595	1734.079914361421
800.9217866966742	1804.1384875274973
802.2846211552888	1869.257202837371
803.6474556139035	1904.5653921182704
805.0102900725182	1912.0592083752504
806.3731245311328	1937.023353690272
807.7359589897474	1975.63344580747
809.0987934483621	2016.5906249536133
810.4616279069768	2058.187035658296
811.8244623655914	2088.4121947718827
813.187296824206	2107.013631638353
814.5501312828208	2123.2274842916217
815.9129657414354	2135.1381436717484
817.2758002000501	2144.0974435236453
818.6386346586646	2152.5747643427835
820.0014691172794	2153.883016932648
821.364303575894	2150.753931655146
822.7271380345087	2147.856425763187
824.0899724931232	2132.149099320275
825.4528069517379	2117.6398494387745
826.8156414103526	2106.1872748981223
828.1784758689672	2085.6914032806
829.541310327582	2037.4562437208879
830.9041447861964	1964.4449048320973
832.2669792448113	1894.8020355420829
833.629813703426	1850.4835597781246
834.9926481620405	1836.682810689704
836.3554826206552	1805.7170083176204
837.7183170792698	1761.995048205924
839.0811515378845	1714.2132951816177
840.4439859964991	1669.8505119651973
841.8068204551139	1632.831429902549
843.1696549137283	1608.5364587651761
844.5324893723432	1588.7872015463843
845.8953238309576	1571.6624264764814
847.2581582895724	1557.6224750192814
848.6209927481871	1547.4364211206412
849.9838272068017	1543.083524285747
851.3466616654164	1539.9311067072877
852.7094961240309	1535.6688661616627
854.0723305826458	1539.8988100066933
855.4351650412602	1526.222704868625
856.797999499875	1510.1682335820547
858.1608339584895	1507.2950069530084
859.5236684171043	1526.7836407492402
860.886502875719	1573.9076050131657
862.2493373343336	1629.771219097002
863.6121717929482	1688.0843420045612
864.9750062515628	1743.9804488869456
866.3378407101777	1790.9579189524595
867.7006751687921	1851.8665495043665
869.0635096274069	1910.863514430486
870.4263440860216	1963.6547518156005
871.7891785446362	1987.5761631104588
873.1520130032509	1985.0697689298665
874.5148474618654	1989.3499904237735
875.8776819204801	1997.135678725498
877.2405163790947	2007.716051564715
878.6033508377094	2017.9843312585622
879.966185296324	2013.6797410135914
881.3290197549388	2010.3106789250114
882.6918542135535	2012.4678336542133
884.0546886721681	2020.490477188306
885.4175231307827	2041.5365162209343
886.7803575893973	2065.4265095296764
888.143192048012	2077.766965919871
889.5060265066267	2093.566688688495
890.8688609652413	2107.5760307262217
892.2316954238559	2116.1880013899417
893.5945298824705	2121.9040273809683
894.9573643410854	2122.7377255307206
896.3201987996999	2141.8259644412174
897.6830332583146	2154.8088510394628
899.0458677169293	2164.6075501456776
900.4087021755439	2174.3916490959887
901.7715366341586	2214.2592295843347
903.1343710927731	2278.2612139485555
904.4972055513878	2338.196465005229
905.8600400100024	2389.985425048377
907.2228744686172	2419.5432934967807
908.5857089272318	2433.630094366929
909.9485433858465	2460.6942632731375
911.3113778444612	2483.857370305494
912.6742123030758	2509.106345232263
914.0370467616904	2520.110439220701
915.399881220305	2519.5309990452665
916.7627156789197	2518.1485829402654
918.1255501375343	2519.9312398043917
919.4883845961491	2524.2699979421213
920.8512190547638	2522.112139922522
922.2140535133784	2517.9897131501666
923.5768879719931	2509.5358751476747
924.9397224306076	2501.1251694785483
926.3025568892223	2492.7206948410812
927.6653913478369	2480.213716344211
929.0282258064516	2469.889124180303
930.3910602650662	2457.8744117829983
931.753894723681	2439.7993762010015
933.1167291822957	2427.6288747818858
934.4795636409103	2414.3566570372027
935.8423980995249	2406.9500737420176
937.2052325581395	2410.5530060648452
938.5680670167542	2428.6751009787945
939.9309014753688	2441.524295948969
941.2937359339835	2463.1869585886534
942.656570392598	2480.5209760468747
944.0194048512127	2505.718684482792
945.3822393098276	2533.2754490077505
946.7450737684421	2563.4741703549334
948.1079082270568	2600.5237120645143
949.4707426856714	2618.7346460747613
950.8335771442861	2643.9084901117517
952.1964116029008	2677.034288244626
953.5592460615153	2701.2918707245985
954.92208052013	2731.590797953618
956.2849149787446	2754.3984516988926
957.6477494373594	2777.1041401744005
959.010583895974	2785.232174029714
960.3734183545887	2794.975389025712
961.7362528132034	2808.971819269295
963.099087271818	2815.741024351846
964.4619217304326	2814.2265494770204
965.8247561890472	2821.702056241536
967.1875906476619	2826.652220143669
968.5504251062765	2826.1189219827193
969.9132595648913	2827.755002305141
971.276094023506	2829.070020321933
972.6389284821206	2827.703441253785
974.0017629407353	2830.240479068823
975.3645973993498	2811.6238753557027
976.7274318579645	2736.3173968468122
978.0902663165791	2657.8204639514656
979.4531007751938	2606.2619965716603
980.8159352338084	2561.056078170835
982.178769692423	2511.87427998987
983.5416041510379	2461.0198110265387
984.9044386096525	2402.324984905173
986.2672730682671	2354.75944344683
987.6301075268817	2314.0573047606567
988.9929419854964	2273.451293121732
990.355776444111	2255.8995196268784
991.7186109027257	2226.4575534465175
993.0814453613402	2193.463227857552
994.4442798199549	2168.602487544966
995.8071142785698	2136.7021001124435
997.1699487371843	2108.09015246227
998.532783195799	2074.559238417257
999.8956176544136	2039.6656148607824
1001.2584521130283	2021.2932683282281
1002.6212865716429	2002.589865443692
1003.9841210302575	1988.00854897344
1005.3469554888721	1970.634411612468
1006.7097899474868	1954.5814204589371
1008.0726244061016	1944.0207898953556
1009.4354588647162	1925.6023122032595
1010.7982933233309	1941.00729602747
1012.1611277819455	1966.8674621526868
1013.5239622405602	1984.9241919982676
1014.8867966991747	2012.2075355939087
1016.2496311577894	2048.7418264086687
1017.612465616404	2064.193153222321
1018.9753000750187	2077.8058962047085
1020.3381345336334	2096.442161181219
1021.7009689922481	2104.3226793512404
1023.0638034508628	2117.127173614039
1024.4266379094774	2127.760881900084
1025.789472368092	2153.0001132409307
1027.1523068267068	2160.211681276872
1028.5151412853213	2184.7132013166824
1029.8779757439358	2204.0559072335564
1031.2408102025506	2220.134218662189
1032.6036446611652	2231.5686767354982
1033.96647911978	2246.5869546288604
1035.3293135783947	2264.4436173215854
1036.6921480370092	2289.0114902634386
1038.054982495624	2296.992914105517
1039.4178169542386	2309.932104014024
1040.780651412853	2320.816438779119
1042.1434858714679	2343.5978094249363
1043.5063203300824	2350.495477481631
1044.8691547886972	2371.401991483582
1046.231989247312	2391.4096214110814
1047.5948237059265	2415.085511489809
1048.9576581645413	2435.597930293603
1050.3204926231558	2455.7965023167208
1051.6833270817704	2469.742797552813
1053.0461615403851	2492.117494527563
1054.4089959989997	2510.4956931260635
1055.7718304576144	2528.9546667392938
1057.134664916229	2558.2880303116362
1058.4974993748435	2588.2638342032046
1059.8603338334585	2609.8320654957784
1061.223168292073	2633.034454064019
1062.5860027506876	2655.3433108125855
1063.9488372093024	2674.629558240705
1065.311671667917	2699.0257504219167
1066.6745061265317	2716.8780705230524
1068.0373405851462	2728.2287874215153
1069.4001750437608	2749.749750450001
1070.7630095023756	2765.5404813085897
1072.1258439609903	2781.4455866966046
1073.4886784196049	2800.4804205966166
1074.8515128782196	2809.7297362332533
1076.2143473368342	2808.9669404480237
1077.577181795449	2826.4491475543614
1078.9400162540635	2836.9664638648846
1080.302850712678	2843.2010967627566
1081.6656851712928	2854.7135826701397
1083.0285196299074	2871.7078539888876
1084.3913540885221	2875.3301904271048
1085.754188547137	2884.0602494966956
1087.1170230057514	2899.163740953286
1088.4798574643662	2907.29435855522
1089.8426919229807	2913.378208691952
1091.2055263815953	2920.260910673959
1092.56836084021	2932.0228918210146
1093.9311952988246	2937.1754274785203
1095.2940297574394	2940.9032953091278
1096.656864216054	2945.9022816181428
1098.0196986746687	2959.557946958361
1099.3825331332835	2963.1411290483293
1100.745367591898	2967.9940351028094
1102.1082020505125	2969.5938963229437
1103.4710365091273	2976.711041019931
1104.8338709677419	2977.3365529806483
1106.1967054263566	2976.376374867129
1107.5595398849712	2972.35841189443
1108.9223743435857	2955.4815662292026
1110.2852088022007	2948.059173108763
1111.6480432608153	2931.235858182845
1113.0108777194298	2926.244384041325
1114.3737121780446	2921.8416702831087
1115.736546636659	2919.423860607538
1117.0993810952739	2918.5395070741242
1118.4622155538884	2913.979344119958
1119.825050012503	2913.9543239539435
1121.1878844711177	2913.4103772965104
1122.5507189297325	2912.706327470764
1123.913553388347	2910.784829902449
1125.2763878469618	2907.991907765686
1126.6392223055764	2906.660135870584
1128.0020567641911	2905.767520308936
1129.3648912228057	2906.294301780116
1130.7277256814202	2904.2265484210143
1132.090560140035	2899.6518646360846
1133.4533945986495	2903.488755310142
1134.8162290572643	2904.3228616181236
1136.179063515879	2907.2366361848312
1137.5418979744936	2910.7797500751185
1138.9047324331084	2911.2453641427055
1140.267566891723	2899.9479729105865
1141.6304013503375	2902.6081901660064
1142.9932358089522	2905.026186931987
1144.3560702675668	2905.3197484841326
1145.7189047261816	2904.9124464763668
1147.081739184796	2902.5074875606956
1148.4445736434109	2881.9938408146427
1149.8074081020256	2880.8095760984365
1151.1702425606402	2881.312519125009
1152.5330770192547	2881.663287669046
1153.8959114778695	2879.356563791996
1155.258745936484	2878.2338991307893
1156.6215803950988	2880.0187207927565
1157.9844148537134	2879.5091691892358
1159.347249312328	2873.8027317311207
1160.710083770943	2873.4366257207616
1162.0729182295574	2872.319078378888
1163.435752688172	2871.4635577727695
1164.7985871467868	2869.4797388739335
1166.1614216054013	2864.474413203822
1167.524256064016	2859.870299397327
1168.8870905226306	2866.005235199597
1170.2499249812452	2863.940883811619
1171.61275943986	2875.337509849373
1172.9755938984747	2872.0913945953575
1174.3384283570892	2869.2570380713587
1175.701262815704	2864.949522179705
1177.0640972743186	2862.3610271239295
1178.4269317329333	2860.4403999579476
1179.7897661915479	2854.1969611716595
1181.1526006501624	2848.8193270506645
1182.5154351087772	2841.918452023204
1183.8782695673917	2837.7333642583435
1185.2411040260065	2836.1954285663182
1186.6039384846213	2833.3383789802488
1187.9667729432358	2832.446609185152
1189.3296074018506	2829.3479089109496
1190.6924418604651	2826.5979744152214
1192.0552763190797	2826.1623086887394
1193.4181107776944	2822.2058011722133
1194.780945236309	2820.47455499096
1196.1437796949238	2819.696509899886
1197.5066141535383	2817.37663237912
1198.869448612153	2817.631451796774
1200.2322830707678	2829.1051497368603
1201.5951175293824	2827.5178791892317
1202.957951987997	2823.5524901945632
1204.3207864466117	2821.44837153248
1205.6836209052262	2819.222816512403
1207.046455363841	2819.1276964165736
1208.4092898224555	2838.013948526386
1209.77212428107	2835.5631687101827
1211.134958739685	2828.6606573145136
1212.4977931982996	2819.5652006239375
1213.8606276569142	2808.716660008583
1215.223462115529	2801.9821328406547
1216.5862965741435	2797.720563378266
1217.9491310327583	2793.1939727196336
1219.3119654913728	2793.379259662576
1220.6747999499873	2788.822587805575
1222.0376344086021	2782.2718496266816
1223.4004688672167	2767.383001073495
1224.7633033258314	2764.9690269058533
1226.1261377844462	2765.090985588336
1227.4889722430607	2767.7059349368838
1228.8518067016755	2773.28804994297
1230.21464116029	2775.224279747211
1231.5774756189048	2778.899266175595
1232.9403100775194	2779.8884408964364
1234.303144536134	2778.42041130934
1235.6659789947487	2777.4344881537454
1237.0288134533635	2775.6804236031435
1238.391647911978	2770.8237184142426
1239.7544823705928	2771.8439882314915
1241.1173168292073	2770.177386200911
1242.480151287822	2772.9027888519163
1243.8429857464366	2773.5671488206526
1245.2058202050512	2767.671168797179
1246.568654663666	2765.800508719955
1247.9314891222805	2761.879924398583
1249.2943235808953	2759.3452695190817
1250.65715803951	2759.0609350471423
1252.0199924981246	2756.8228193382583
1253.3828269567393	2754.068662999023
1254.7456614153539	2751.345324796849
1256.1084958739684	2746.01257223423
1257.4713303325832	2741.7253836951973
1258.8341647911977	2737.4222753785734
1260.1969992498125	2734.340219121821
1261.559833708427	2727.7968223037237
1262.9226681670418	2725.8444542585034
1264.2855026256566	2723.9903865555953
1265.6483370842711	2721.081996193093
1267.0111715428857	2720.390895347347
1268.3740060015004	2718.8200428036434
1269.736840460115	2719.1262894100323
1271.0996749187298	2722.335166801048
1272.4625093773443	2727.2181035885574
1273.8253438359588	2736.3736654671347
1275.1881782945738	2740.460753531401
1276.5510127531884	2740.153033360195
1277.913847211803	2740.3172549370156
1279.2766816704177	2740.001698600678
1280.6395161290322	2740.5522146045505
1282.002350587647	2742.3778313397875
1283.3651850462616	2746.4945313668986
1284.728019504876	2745.9178028848573
1286.0908539634909	2742.091385882292
1287.4536884221056	2741.521805561877
1288.8165228807202	2740.771196892202
1290.179357339335	2742.6828105372347
1291.5421917979495	2740.119810688632
1292.9050262565643	2738.5119609292196
1294.2678607151788	2738.19382121773
1295.6306951737934	2737.3507357134795
1296.9935296324081	2734.945274206333
1298.3563640910227	2734.0884117296687
1299.7191985496374	2730.0257646961245
