100.42487496874219	6.509190920189286e-200
101.78770942735684	6.479671413939117e-200
103.1505438859715	6.450151907688948e-200
104.51337834458614	6.42063240143878e-200
105.8762128032008	6.391112895188612e-200
107.23904726181546	6.361593388938442e-200
108.60188172043011	6.332073882688274e-200
109.96471617904477	6.302554376438106e-200
111.3275506376594	6.273034870187938e-200
112.69038509627408	6.243515363937768e-200
114.05321955488871	6.213995857687601e-200
115.41605401350337	6.184476351437432e-200
116.77888847211803	6.154956845187264e-200
118.14172293073268	6.125437338937095e-200
119.50455738934734	6.095917832686926e-200
120.86739184796198	6.066398326436758e-200
122.23022630657665	6.036878820186588e-200
123.5930607651913	6.00735931393642e-200
124.95589522380597	5.977839807686252e-200
126.31872968242061	5.948320301436083e-200
127.68156414103527	5.918800795185914e-200
129.04439859964992	5.889281288935746e-200
130.40723305826455	5.859761782685578e-200
131.77006751687924	5.830242276435409e-200
133.13290197549387	5.800722770185241e-200
134.49573643410855	5.771203263935071e-200
135.85857089272318	5.741683757684904e-200
137.22140535133784	5.712164251434734e-200
138.5842398099525	5.682644745184566e-200
139.94707426856712	5.653125238934398e-200
141.3099087271818	5.623605732684229e-200
142.67274318579643	5.59408622643406e-200
144.03557764441112	5.564566720183892e-200
145.39841210302575	5.535047213933723e-200
146.7612465616404	5.505527707683555e-200
148.12408102025506	5.476008201433386e-200
149.4869154788697	5.446488695183218e-200
150.84974993748438	5.416969188933049e-200
152.212584396099	5.38744968268288e-200
153.57541885471366	5.357930176432712e-200
154.93825331332835	5.328410670182543e-200
156.301087771943	5.298891163932374e-200
157.66392223055766	5.269371657682205e-200
159.02675668917232	5.239852151432037e-200
160.38959114778697	5.210332645181868e-200
161.7524256064016	5.1808131389317e-200
163.11526006501626	5.1512936326815313e-200
164.47809452363092	5.1217741264313625e-200
165.84092898224557	5.0922546201811943e-200
167.20376344086023	5.0627351139310255e-200
168.56659789947489	5.033215607680857e-200
169.92943235808954	5.003696101430688e-200
171.29226681670417	4.97417659518052e-200
172.65510127531883	4.9446570889303515e-200
174.01793573393348	4.9151375826801827e-200
175.38077019254814	4.885618076430014e-200
176.7436046511628	4.8560985701798457e-200
178.10643910977745	4.826579063929677e-200
179.4692735683921	4.797059557679508e-200
180.83210802700674	4.7675400514293404e-200
182.1949424856214	4.7380205451791716e-200
183.55777694423605	4.708501038929003e-200
184.9206114028507	4.678981532678834e-200
186.28344586146537	4.649462026428666e-200
187.64628032008002	4.619942520178497e-200
189.00911477869468	4.590423013928328e-200
190.37194923730934	4.56090350767816e-200
191.73478369592397	4.531384001427992e-200
193.09761815453862	4.501864495177823e-200
194.46045261315328	4.472344988927654e-200
195.82328707176794	4.442825482677486e-200
197.1861215303826	4.413305976427317e-200
198.54895598899725	4.3837864701771483e-200
199.9117904476119	4.3542669639269795e-200
201.27462490622656	4.3247474576768113e-200
202.63745936484122	4.2952279514266425e-200
204.00029382345588	4.265708445176474e-200
205.36312828207053	4.2361889389263055e-200
206.7259627406852	4.2066694326761367e-200
208.08879719929985	4.177149926425968e-200
209.45163165791448	4.1476304201757997e-200
210.8144661165291	4.118110913925632e-200
212.1773005751438	4.0885914076754627e-200
213.54013503375847	4.059071901425293e-200
214.9029694923731	4.029552395175125e-200
216.26580395098773	4.0000328889249574e-200
217.62863840960242	3.970513382674788e-200
218.9914728682171	3.9409938764246187e-200
220.35430732683173	3.911474370174451e-200
221.71714178544636	3.881954863924283e-200
223.079976244061	3.8524353576741146e-200
224.44281070267567	3.822915851423945e-200
225.80564516129036	3.7933963451737764e-200
227.16847961990499	3.763876838923608e-200
228.5313140785196	3.73435733267344e-200
229.89414853713424	3.7048378264232723e-200
231.25698299574893	3.675318320173103e-200
232.6198174543636	3.6457988139229336e-200
233.98265191297824	3.6162793076727653e-200
235.34548637159287	3.5867598014225977e-200
236.70832083020755	3.5572402951724283e-200
238.07115528882224	3.527720788922259e-200
239.43398974743687	3.498201282672091e-200
240.7968242060515	3.468681776421923e-200
242.15965866466615	3.439162270171754e-200
243.5224931232808	3.4096427639215855e-200
244.8853275818955	3.380123257671416e-200
246.24816204051012	3.3506037514212485e-200
247.61099649912478	3.3210842451710797e-200
248.9738309577394	3.2915647389209114e-200
250.3366654163541	3.2620452326707426e-200
251.69949987496875	3.232525726420574e-200
253.0623343335834	3.203006220170405e-200
254.42516879219804	3.173486713920237e-200
255.78800325081272	3.143967207670068e-200
257.1508377094273	3.1144477014199004e-200
258.51367216804204	3.0849281951697304e-200
259.87650662665664	3.0554086889195634e-200
261.23934108527135	3.0258891826693934e-200
262.60217554388595	2.996369676419226e-200
263.9650100025006	2.966850170169057e-200
265.32784446111526	2.937330663918889e-200
266.6906789197299	2.90781115766872e-200
268.0535133783446	2.878291651418551e-200
269.41634783695923	2.8487721451683823e-200
270.7791822955739	2.819252638918214e-200
272.14201675418855	2.7897331326680453e-200
273.5048512128032	2.7602136264178765e-200
274.86768567141786	2.7306941201677083e-200
276.2305201300325	2.7011746139175395e-200
277.5933545886472	2.671655107667371e-200
278.95618904726183	2.642135601417202e-200
280.3190235058765	2.612616095167034e-200
281.68185796449114	2.5830965889168652e-200
283.04469242310574	2.5535770826666975e-200
284.40752688172046	2.524057576416528e-200
285.77036134033506	2.4945380701663605e-200
287.13319579894977	2.4650185639161906e-200
288.49603025756437	2.4354990576660232e-200
289.8588647161791	2.4059795514158533e-200
291.2216991747937	2.376460045165686e-200
292.58453363340834	2.346940538915517e-200
293.947368092023	2.3174210326653486e-200
295.31020255063765	2.2879015264151798e-200
296.6730370092523	2.2583820201650113e-200
298.03587146786697	2.2288625139148425e-200
299.3987059264816	2.199343007664674e-200
300.7615403850963	2.1698235014145052e-200
302.1243748437109	2.1403039951643378e-200
303.4872093023256	2.1107844889141682e-200
304.8500437609402	2.0812649826640005e-200
306.2128782195549	2.0517454764138308e-200
307.57571267816957	2.022225970163662e-200
308.9385471367842	1.9927064639134935e-200
310.3013815953989	1.9631869576633247e-200
311.6642160540135	1.9336674514131574e-200
313.0270505126282	1.9041479451629874e-200
314.3898849712428	1.87462843891282e-200
315.7527194298575	1.84510893266265e-200
317.1155538884721	1.8155894264124828e-200
318.4783883470868	1.7860699201623128e-200
319.8412228057014	1.7565504139121455e-200
321.20405726431613	1.7270309076619755e-200
322.56689172293073	1.6975114014118081e-200
323.9297261815454	1.6679918951616396e-200
325.29256064016005	1.6384723889114708e-200
326.6553950987747	1.6089528826613023e-200
328.01822955738936	1.5794333764111335e-200
329.381064016004	1.549913870160965e-200
330.7438984746187	1.5203943639107962e-200
332.10673293323333	1.4908748576606277e-200
333.46956739184793	1.4613553514104604e-200
334.83240185046265	1.4318358451602904e-200
336.19523630907725	1.402316338910123e-200
337.55807076769196	1.372796832659953e-200
338.92090522630656	1.3432773264097857e-200
340.2837396849213	1.3137578201596158e-200
341.6465741435359	1.2842383139094484e-200
343.00940860215053	1.2547188076592798e-200
344.3722430607652	1.2251993014091111e-200
345.73507751937984	1.1956797951589425e-200
347.0979119779945	1.1661602889087738e-200
348.46074643660916	1.1366407826586052e-200
349.8235808952238	1.1071212764084365e-200
351.18641535383847	1.0776017701582678e-200
352.5492498124531	1.0480822639080993e-200
353.9120842710678	1.0185627576579307e-200
355.27491872968244	9.89043251407762e-201
356.6377531882971	9.595237451575934e-201
358.00058764691175	9.300042389074247e-201
359.3634221055264	9.00484732657256e-201
360.72625656414107	8.709652264070874e-201
362.08909102275567	8.4144572015692e-201
363.4519254813704	8.119262139067501e-201
364.814759939985	7.824067076565827e-201
366.1775943985997	7.528872014064128e-201
367.5404288572143	7.233676951562454e-201
368.903263315829	6.938481889060755e-201
370.2660977744436	6.643286826559081e-201
371.62893223305826	6.348091764057395e-201
372.9917666916729	6.052896701555708e-201
374.3546011502876	5.7577016390540216e-201
375.71743560890224	5.462506576552335e-201
377.0802700675169	5.167311514050649e-201
378.44310452613155	4.872116451548963e-201
379.8059389847462	4.576921389047276e-201
381.1687734433608	4.281726326545602e-201
382.5316079019755	3.986531264043903e-201
383.8944423605901	3.691336201542229e-201
385.25727681920483	3.39614113904053e-201
386.62011127781943	3.100946076538856e-201
387.98294573643415	2.8057510140371572e-201
389.34578019504875	2.5105559515354834e-201
390.7086146536634	2.215360889033797e-201
392.07144911227806	1.9201658265321103e-201
393.4342835708927	1.6249707640304235e-201
394.7971180295074	1.3297757015287374e-201
396.15995248812203	1.0345806390270508e-201
397.5227869467367	7.393855765253644e-202
398.88562140535134	4.44190514023678e-202
400.248455863966	1.4899545152199153e-202
401.61129032258066	1.9173459054656664e-200
402.9741247811953	1.4509757132329788e-199
404.33695923980997	3.876426045461132e-198
405.6997936984246	2.5743125555737567e-196
407.0626281570393	3.240752929084715e-194
408.42546261565394	6.9448475494269366e-192
409.7882970742685	1.7674908894521534e-190
411.15113153288326	1.1769009851357921e-188
412.51396599149786	1.818463052055192e-186
413.87680045011257	1.6289078611632846e-184
415.2396349087272	3.13840548298143e-182
416.6024693673419	1.140250877878911e-179
417.9653038259565	7.377501056941768e-179
419.32813828457114	4.859369970144079e-177
420.69097274318574	5.21523799857372e-174
422.0538072018004	9.27176669860364e-173
423.4166416604151	2.01195834251672e-171
424.77947611902977	1.1316124669243167e-169
426.1423105776445	1.193041155179519e-167
427.50514503625914	7.275926194172636e-166
428.86797949487374	2.58869354822802e-164
430.2308139534884	1.1095470407020636e-162
431.593648412103	1.2222648192826864e-160
432.95648287071765	5.320378964979488e-159
434.3193173293323	2.6189857734098813e-157
435.682151787947	4.696202402637944e-154
437.0449862465616	9.647068611318834e-154
438.4078207051763	8.872401042282626e-151
439.770655163791	2.8474203680803215e-150
441.13348962240565	1.1726002506383307e-148
442.49632408102025	6.434089130023854e-147
443.8591585396349	5.239473479357505e-145
445.22199299824956	1.3867680087396323e-143
446.58482745686416	7.032688552299338e-142
447.9476619154788	2.958055287185861e-140
449.31049637409353	1.5084344812219938e-138
450.6733308327082	7.916313108792856e-137
452.0361652913229	3.9079418111540726e-134
453.3989997499375	1.328775338653406e-133
454.76183420855216	6.909631592048643e-131
456.1246686671668	1.0164972147703646e-128
457.4875031257814	5.086419036155224e-127
458.8503375843961	1.0071188350833618e-126
460.2131720430108	1.855450921809251e-124
461.57600650162544	5.257355610783638e-124
462.93884096024004	2.8780996338717635e-122
464.3016754188547	7.915100918299176e-120
465.6645098774694	2.0158047730259873e-119
467.02734433608407	1.8882269609109874e-117
468.39017879469867	5.750739172276821e-116
469.7530132533133	7.51279184097608e-113
471.1158477119279	2.7908086016957826e-112
472.4786821705427	4.830338019294212e-112
473.8415166291573	5.337535960674416e-109
475.20435108777195	1.0799384062036247e-108
476.56718554638655	9.453814059687857e-107
477.9300200050012	9.676053450235422e-106
479.2928544636159	8.844181729973795e-105
480.6556889222306	4.862578246362918e-103
482.0185233808452	2.3251067466540608e-101
483.38135783945984	8.628967848208834e-100
484.74419229807455	8.25000508707846e-99
486.1070267566892	9.225530477982797e-98
487.4698612153038	4.7537995116157885e-96
488.83269567391847	9.693624394620781e-95
490.1955301325331	1.3954283309868936e-93
491.55836459114784	2.8033992958237568e-92
492.92119904976244	5.265892997185678e-91
494.2840335083771	1.2236696214563548e-89
495.64686796699175	3.047434058398157e-88
497.00970242560635	4.906011975732666e-87
498.37253688422106	9.505280029604536e-86
499.7353713428357	2.3998075718147153e-84
501.0982058014504	3.460967167582779e-83
502.461040260065	1.0333298855091855e-81
503.8238747186797	1.518684912970103e-80
505.18670917729435	2.4644327894652684e-79
506.549543635909	3.353843826357748e-78
507.9123780945236	1.1796260590517014e-76
509.27521255313826	1.1250683057184422e-75
510.638047011753	1.6071318087899225e-74
512.0008814703676	4.438231678585881e-73
513.3637159289823	1.6114221877684702e-71
514.7265503875968	3.207585849886175e-70
516.0893848462115	2.984711140636498e-69
517.4522193048263	3.6342331186272816e-67
518.8150537634409	1.581197713875023e-66
520.1778882220555	2.7989721158872167e-66
521.5407226806701	9.700917230472824e-64
522.9035571392849	2.1061089071359044e-63
524.2663915978995	1.2472981046684649e-61
525.6292260565141	9.390770257977723e-61
526.9920605151287	1.7534242411287661e-60
528.3548949737434	6.6198685557281015e-56
529.7177294323582	1.8864046148033418e-55
531.0805638909727	3.1108223740336688e-55
532.4433983495874	4.335240133264098e-55
533.806232808202	5.559657892494527e-55
535.1690672668167	3.487324725894829e-53
536.5319017254313	1.4082075545239608e-52
537.894736184046	2.4676826364584388e-52
539.2575706426607	2.8345832196506324e-50
540.6204051012753	6.763748294137827e-50
541.98323955989	1.4193787266932175e-48
543.3460740185046	1.3885388008751033e-47
544.7089084771193	2.6351397290808847e-47
546.0717429357339	1.7137522356538423e-45
547.4345773943486	5.097259991324138e-45
548.7974118529633	8.480767746994435e-45
550.1602463115779	7.065735372262745e-43
551.5230807701926	1.4921954371308785e-42
552.8859152288072	4.5650315179266425e-41
554.2487496874218	2.0169882922322933e-40
555.6115841460365	3.5774734326721825e-40
556.9744186046512	1.819016732214745e-38
558.3372530632658	4.4705516685665556e-38
559.7000875218804	3.0790722972465398e-37
561.0629219804952	4.161956210807618e-36
562.4257564391098	8.01600519189026e-36
563.7885908977245	2.272366726214629e-34
565.151425356339	7.064272647841013e-34
566.5142598149537	1.1856178569467797e-33
567.8770942735684	4.42899172942969e-32
569.2399287321831	9.525323421824462e-32
570.6027631907976	1.2263374923618077e-30
571.9655976494123	5.8624104944389585e-30
573.328432108027	1.049848349651611e-29
574.6912665666417	2.3833270596828224e-28
576.0541010252563	5.99051175649292e-28
577.4169354838709	1.3867868778823205e-27
578.7797699424856	2.5391204142770946e-26
580.1426044011004	4.939562140766158e-26
581.5054388597149	6.227416174485948e-25
582.8682733183296	1.988878377802932e-24
584.2311077769442	3.355015138157269e-24
585.5939422355589	5.685509192248856e-23
586.9567766941735	1.2334391115379545e-22
588.3196111527882	7.077886537595328e-22
589.6824456114028	3.4748602098553785e-21
591.0452800700175	6.2419317659512255e-21
592.4081145286322	6.480292954104355e-20
593.7709489872468	1.6326506626157308e-19
595.1337834458615	2.617272029821026e-19
596.4966179044761	3.1825773788381573e-18
597.8594523630908	6.177926238666335e-18
599.2222868217054	3.655042334346009e-17
600.5851212803201	1.144433628292349e-16
601.9479557389348	1.9233630231500971e-16
603.3107901975494	1.5214250325544076e-15
604.673624656164	3.2526499926969534e-15
606.0364591147787	9.59442530076567e-15
607.3992935733934	4.2474478685473706e-14
608.762128032008	7.535453207018174e-14
610.1249624906226	3.7820167285581603e-13
611.4877969492373	9.117055378134035e-13
612.850631407852	1.4452094027709463e-12
614.2134658664667	8.36198940144651e-12
615.5763003250813	1.5755499554363808e-11
616.9391347836959	4.891814462898571e-11
618.3019692423106	1.3640209723361184e-10
619.6648037009253	2.2388604983823066e-10
621.02763815954	8.789086774413632e-10
622.3904726181545	1.7623852115490869e-09
623.7533070767691	3.347120438193591e-09
625.1161415353839	1.0957976910488312e-08
626.4789759939986	1.85688333827824e-08
627.8418104526131	5.010372998866165e-08
629.2046449112278	1.0599876348265529e-07
630.5674793698425	1.618937969766536e-07
631.9303138284572	4.880254010684435e-07
633.2931482870717	8.48677250458166e-07
634.6559827456864	1.4337256636900275e-06
636.0188172043011	2.8862907960614974e-06
637.3816516629158	5.210089263256284e-06
638.7444861215304	9.013168609040531e-06
640.107320580145	1.736698532614035e-05
641.4701550387597	2.9219854773434487e-05
642.8329894973743	5.2555628415037896e-05
644.195823955989	8.578094552546636e-05
645.5586584146037	0.0001433372370742575
646.9214928732183	0.0002290293259274083
648.284327331833	0.000363835175561206
649.6471617904476	0.0005733773646894388
651.0099962490623	0.000904592933598871
652.3728307076769	0.0013294048078337714
653.7356651662916	0.0018312396820954746
655.0984996249063	0.0026240059018692663
656.4613340835209	0.0035932669879477144
657.8241685421356	0.004975634991834259
659.1870030007502	0.006358002995720804
660.5498374593649	0.008045397364516068
661.9126719179794	0.010044331675463567
663.2755063765942	0.012355662916182591
664.6383408352089	0.014833672130620297
666.0011752938235	0.01741993682666966
667.364009752438	0.019993562536898112
668.7268442110528	0.02241847467878417
670.0896786696675	0.024582419264850244
671.4525131282821	0.026309554230868077
672.8153475868967	0.02744672396303768
674.1781820455113	0.028163395413331644
675.5410165041261	0.027937265082517475
676.9038509627408	0.02759325891910313
678.2666854213553	0.026366811118886578
679.62951987997	0.02465110561497934
680.9923543385846	0.02250221852386365
682.3551887971994	0.02007188899146024
683.7180232558139	0.01749857412135773
685.0808577144286	0.014911071425126777
686.4436921730432	0.012425055138611113
687.806526631658	0.010107285920678692
689.1693610902726	0.008058188767283505
690.5321955488872	0.006262270394615448
691.8950300075019	0.00477827203892994
693.2578644661165	0.003579016833573983
694.6206989247312	0.00259850332491312
695.9835333833458	0.001989829584623837
697.3463678419605	0.0013811558443345535
698.7092023005752	0.0008880397172414269
700.0720367591898	0.0006400611503533023
701.4348712178045	0.00039208258346517773
702.7977056764191	0.000257913589030265
704.1605401350338	0.00016986544508870298
705.5233745936484	8.655552899715622e-05
706.8862090522631	5.128950560901451e-05
708.2490435108778	2.9771557613129973e-05
709.6118779694924	1.6906383870813216e-05
710.9747124281071	9.150390832313848e-06
712.3375468867216	5.022521439199181e-06
713.7003813453364	2.6508513126488695e-06
715.063215803951	1.339816779361381e-06
716.4260502625657	6.897988842143295e-07
717.7888847211802	3.372144020249399e-07
719.1517191797949	1.6068866046106293e-07
720.5145536384097	7.706541191639948e-08
721.8773880970243	3.4731110070971915e-08
723.2402225556389	1.7457833929105543e-08
724.6030570142535	1.6568733200525295e-08
725.9658914728683	1.5679632471944974e-08
727.328725931483	1.479053174336473e-08
728.6915603900975	1.3901431014784558e-08
730.0543948487121	1.3012330286204314e-08
731.4172293073268	1.2123229557624067e-08
732.7800637659416	1.1234128829043749e-08
734.1428982245561	1.0345028100463577e-08
735.5057326831708	9.45592737188333e-09
736.8685671417854	8.566826643303085e-09
738.2314016004001	7.67772591472284e-09
739.5942360590147	6.788625186142594e-09
740.9570705176294	5.899524457562348e-09
742.3199049762441	5.010423728982103e-09
743.6827394348587	4.121323000401857e-09
745.0455738934734	3.232222271821611e-09
746.408408352088	2.3431215432413667e-09
747.7712428107027	1.454020814661119e-09
749.1340772693173	5.649200860808744e-10
750.496911727932	3.2418064249937003e-10
751.8597461865467	1.2132813710796178e-09
753.2225806451613	2.1023820996598623e-09
754.585415103776	2.9914828282401067e-09
755.9482495623906	3.8805835568203545e-09
757.3110840210053	4.769684285400599e-09
758.6739184796199	5.6587850139808435e-09
760.0367529382346	6.547885742561091e-09
761.3995873968493	7.436986471141336e-09
762.7624218554638	8.326087199721507e-09
764.1252563140786	9.215187928301828e-09
765.4880907726932	1.0104288656882072e-08
766.8509252313079	1.0993389385462317e-08
768.2137596899224	1.1882490114042489e-08
769.5765941485371	1.2771590842622733e-08
770.9394286071519	1.3660691571203054e-08
772.3022630657665	1.4549792299783301e-08
773.665097524381	1.543889302836347e-08
775.0279319829957	1.6327993756943718e-08
776.3907664416105	1.7217094485524038e-08
777.7536009002251	1.8106195214104286e-08
779.1164353588397	1.8995295942684454e-08
780.4792698174543	1.9884396671264702e-08
781.842104276069	2.0773497399844943e-08
783.2049387346838	2.1662598128425264e-08
784.5677731932983	2.255169885700544e-08
785.930607651913	2.344079958558568e-08
787.2934421105276	2.4329900314165928e-08
788.6562765691423	2.5219001042746175e-08
790.0191110277569	2.6108101771326417e-08
791.3819454863716	2.6997202499906664e-08
792.7447799449862	2.7886303228486912e-08
794.1076144036009	2.8775403957067153e-08
795.4704488622156	2.96645046856474e-08
796.8332833208302	3.055360541422765e-08
798.1961177794449	3.1442706142807893e-08
799.5589522380595	3.2331806871388135e-08
800.9217866966742	3.322090759996839e-08
802.2846211552888	3.411000832854863e-08
803.6474556139035	3.499910905712887e-08
805.0102900725182	3.5888209785709126e-08
806.3731245311328	3.677731051428937e-08
807.7359589897474	3.766641124286954e-08
809.0987934483621	3.855551197144986e-08
810.4616279069768	3.9444612700030104e-08
811.8244623655914	4.0333713428610345e-08
813.187296824206	4.122281415719052e-08
814.5501312828208	4.211191488577084e-08
815.9129657414354	4.3001015614351095e-08
817.2758002000501	4.3890116342931336e-08
818.6386346586646	4.477921707151151e-08
820.0014691172794	4.566831780009183e-08
821.364303575894	4.655741852867207e-08
822.7271380345087	4.7446519257252314e-08
824.0899724931232	4.833561998583249e-08
825.4528069517379	4.922472071441273e-08
826.8156414103526	5.0113821442992984e-08
828.1784758689672	5.1002922171573225e-08
829.541310327582	5.1892022900153546e-08
830.9041447861964	5.278112362873364e-08
832.2669792448113	5.367022435731404e-08
833.629813703426	5.455932508589428e-08
834.9926481620405	5.544842581447446e-08
836.3554826206552	5.63375265430547e-08
837.7183170792698	5.722662727163494e-08
839.0811515378845	5.8115728000215194e-08
840.4439859964991	5.9004828728795436e-08
841.8068204551139	5.989392945737576e-08
843.1696549137283	6.078303018595585e-08
844.5324893723432	6.167213091453625e-08
845.8953238309576	6.256123164311635e-08
847.2581582895724	6.345033237169667e-08
848.6209927481871	6.433943310027691e-08
849.9838272068017	6.522853382885715e-08
851.3466616654164	6.61176345574374e-08
852.7094961240309	6.700673528601757e-08
854.0723305826458	6.789583601459797e-08
855.4351650412602	6.878493674317806e-08
856.797999499875	6.967403747175838e-08
858.1608339584895	7.056313820033856e-08
859.5236684171043	7.145223892891888e-08
860.886502875719	7.234133965749912e-08
862.2493373343336	7.323044038607936e-08
863.6121717929482	7.411954111465954e-08
864.9750062515628	7.500864184323978e-08
866.3378407101777	7.589774257182018e-08
867.7006751687921	7.678684330040027e-08
869.0635096274069	7.767594402898059e-08
870.4263440860216	7.856504475756083e-08
871.7891785446362	7.945414548614109e-08
873.1520130032509	8.034324621472133e-08
874.5148474618654	8.12323469433015e-08
875.8776819204801	8.212144767188175e-08
877.2405163790947	8.301054840046199e-08
878.6033508377094	8.389964912904224e-08
879.966185296324	8.478874985762248e-08
881.3290197549388	8.56778505862028e-08
882.6918542135535	8.656695131478304e-08
884.0546886721681	8.74560520433633e-08
885.4175231307827	8.834515277194346e-08
886.7803575893973	8.923425350052371e-08
888.143192048012	9.012335422910396e-08
889.5060265066267	9.10124549576842e-08
890.8688609652413	9.190155568626445e-08
892.2316954238559	9.279065641484461e-08
893.5945298824705	9.367975714342487e-08
894.9573643410854	9.456885787200525e-08
896.3201987996999	9.545795860058543e-08
897.6830332583146	9.634705932916567e-08
899.0458677169293	9.723616005774592e-08
900.4087021755439	9.812526078632617e-08
901.7715366341586	9.901436151490641e-08
903.1343710927731	9.990346224348658e-08
904.4972055513878	1.0079256297206684e-07
905.8600400100024	1.0168166370064708e-07
907.2228744686172	1.0257076442922738e-07
908.5857089272318	1.0345986515780764e-07
909.9485433858465	1.043489658863879e-07
911.3113778444612	1.0523806661496812e-07
912.6742123030758	1.0612716734354838e-07
914.0370467616904	1.0701626807212855e-07
915.399881220305	1.079053688007088e-07
916.7627156789197	1.0879446952928903e-07
918.1255501375343	1.0968357025786929e-07
919.4883845961491	1.105726709864496e-07
920.8512190547638	1.1146177171502985e-07
922.2140535133784	1.123508724436101e-07
923.5768879719931	1.1323997317219033e-07
924.9397224306076	1.1412907390077051e-07
926.3025568892223	1.1501817462935076e-07
927.6653913478369	1.1590727535793102e-07
929.0282258064516	1.1679637608651124e-07
930.3910602650662	1.176854768150915e-07
931.753894723681	1.185745775436718e-07
933.1167291822957	1.1946367827225205e-07
934.4795636409103	1.203527790008323e-07
935.8423980995249	1.2124187972941248e-07
937.2052325581395	1.221309804579927e-07
938.5680670167542	1.2302008118657296e-07
939.9309014753688	1.239091819151532e-07
941.2937359339835	1.2479828264373344e-07
942.656570392598	1.2568738337231362e-07
944.0194048512127	1.2657648410089387e-07
945.3822393098276	1.2746558482947426e-07
946.7450737684421	1.2835468555805443e-07
948.1079082270568	1.2924378628663469e-07
949.4707426856714	1.3013288701521491e-07
950.8335771442861	1.3102198774379517e-07
952.1964116029008	1.3191108847237542e-07
953.5592460615153	1.3280018920095557e-07
954.92208052013	1.3368928992953583e-07
956.2849149787446	1.3457839065811608e-07
957.6477494373594	1.354674913866964e-07
959.010583895974	1.3635659211527664e-07
960.3734183545887	1.372456928438569e-07
961.7362528132034	1.3813479357243712e-07
963.099087271818	1.3902389430101738e-07
964.4619217304326	1.3991299502959755e-07
965.8247561890472	1.4080209575817778e-07
967.1875906476619	1.4169119648675804e-07
968.5504251062765	1.425802972153383e-07
969.9132595648913	1.434693979439186e-07
971.276094023506	1.4435849867249885e-07
972.6389284821206	1.452475994010791e-07
974.0017629407353	1.4613670012965933e-07
975.3645973993498	1.470258008582395e-07
976.7274318579645	1.4791490158681976e-07
978.0902663165791	1.4880400231540002e-07
979.4531007751938	1.4969310304398025e-07
980.8159352338084	1.505822037725605e-07
982.178769692423	1.5147130450114068e-07
983.5416041510379	1.5236040522972106e-07
984.9044386096525	1.5324950595830132e-07
986.2672730682671	1.541386066868815e-07
987.6301075268817	1.5502770741546172e-07
988.9929419854964	1.5591680814404197e-07
990.355776444111	1.5680590887262223e-07
991.7186109027257	1.5769500960120246e-07
993.0814453613402	1.5858411032978263e-07
994.4442798199549	1.5947321105836289e-07
995.8071142785698	1.6036231178694327e-07
997.1699487371843	1.6125141251552345e-07
998.532783195799	1.621405132441037e-07
999.8956176544136	1.6302961397268393e-07
1001.2584521130283	1.6391871470126418e-07
1002.6212865716429	1.6480781542984444e-07
1003.9841210302575	1.6569691615842459e-07
1005.3469554888721	1.6658601688700484e-07
1006.7097899474868	1.674751176155851e-07
1008.0726244061016	1.683642183441654e-07
1009.4354588647162	1.6925331907274566e-07
1010.7982933233309	1.701424198013259e-07
1012.1611277819455	1.7103152052990614e-07
1013.5239622405602	1.719206212584864e-07
1014.8867966991747	1.7280972198706657e-07
1016.2496311577894	1.736988227156468e-07
1017.612465616404	1.7458792344422705e-07
1018.9753000750187	1.754770241728073e-07
1020.3381345336334	1.7636612490138753e-07
1021.7009689922481	1.7725522562996787e-07
1023.0638034508628	1.7814432635854812e-07
1024.4266379094774	1.7903342708712835e-07
1025.789472368092	1.7992252781570852e-07
1027.1523068267068	1.8081162854428886e-07
1028.5151412853213	1.81700729272869e-07
1029.8779757439358	1.8258983000144918e-07
1031.2408102025506	1.8347893073002952e-07
1032.6036446611652	1.843680314586097e-07
1033.96647911978	1.8525713218719e-07
1035.3293135783947	1.8614623291577033e-07
1036.6921480370092	1.8703533364435048e-07
1038.054982495624	1.8792443437293081e-07
1039.4178169542386	1.88813535101511e-07
1040.780651412853	1.8970263583009116e-07
1042.1434858714679	1.9059173655867147e-07
1043.5063203300824	1.9148083728725165e-07
1044.8691547886972	1.9236993801583195e-07
1046.231989247312	1.932590387444123e-07
1047.5948237059265	1.9414813947299246e-07
1048.9576581645413	1.9503724020157277e-07
1050.3204926231558	1.9592634093015294e-07
1051.6833270817704	1.9681544165873312e-07
1053.0461615403851	1.9770454238731343e-07
1054.4089959989997	1.985936431158936e-07
1055.7718304576144	1.9948274384447394e-07
1057.134664916229	2.003718445730541e-07
1058.4974993748435	2.0126094530163426e-07
1059.8603338334585	2.0215004603021475e-07
1061.223168292073	2.030391467587949e-07
1062.5860027506876	2.0392824748737508e-07
1063.9488372093024	2.048173482159554e-07
1065.311671667917	2.0570644894453558e-07
1066.6745061265317	2.065955496731159e-07
1068.0373405851462	2.0748465040169607e-07
1069.4001750437608	2.0837375113027624e-07
1070.7630095023756	2.0926285185885655e-07
1072.1258439609903	2.1015195258743688e-07
1073.4886784196049	2.1104105331601706e-07
1074.8515128782196	2.1193015404459737e-07
1076.2143473368342	2.1281925477317754e-07
1077.577181795449	2.1370835550175785e-07
1078.9400162540635	2.1459745623033802e-07
1080.302850712678	2.154865569589182e-07
1081.6656851712928	2.1637565768749853e-07
1083.0285196299074	2.1726475841607868e-07
1084.3913540885221	2.1815385914465901e-07
1085.754188547137	2.1904295987323932e-07
1087.1170230057514	2.199320606018195e-07
1088.4798574643662	2.2082116133039983e-07
1089.8426919229807	2.2171026205898e-07
1091.2055263815953	2.2259936278756018e-07
1092.56836084021	2.2348846351614046e-07
1093.9311952988246	2.2437756424472064e-07
1095.2940297574394	2.2526666497330097e-07
1096.656864216054	2.2615576570188114e-07
1098.0196986746687	2.2704486643046148e-07
1099.3825331332835	2.279339671590418e-07
1100.745367591898	2.2882306788762193e-07
1102.1082020505125	2.297121686162021e-07
1103.4710365091273	2.3060126934478244e-07
1104.8338709677419	2.3149037007336262e-07
1106.1967054263566	2.3237947080194295e-07
1107.5595398849712	2.3326857153052313e-07
1108.9223743435857	2.341576722591033e-07
1110.2852088022007	2.3504677298768374e-07
1111.6480432608153	2.3593587371626392e-07
1113.0108777194298	2.368249744448441e-07
1114.3737121780446	2.3771407517342443e-07
1115.736546636659	2.386031759020046e-07
1117.0993810952739	2.394922766305849e-07
1118.4622155538884	2.4038137735916506e-07
1119.825050012503	2.4127047808774523e-07
1121.1878844711177	2.4215957881632556e-07
1122.5507189297325	2.430486795449059e-07
1123.913553388347	2.439377802734861e-07
1125.2763878469618	2.4482688100206635e-07
1126.6392223055764	2.4571598173064653e-07
1128.0020567641911	2.4660508245922686e-07
1129.3648912228057	2.4749418318780704e-07
1130.7277256814202	2.483832839163872e-07
1132.090560140035	2.4927238464496755e-07
1133.4533945986495	2.501614853735477e-07
1134.8162290572643	2.51050586102128e-07
1136.179063515879	2.5193968683070834e-07
1137.5418979744936	2.528287875592885e-07
1138.9047324331084	2.5371788828786885e-07
1140.267566891723	2.54606989016449e-07
1141.6304013503375	2.554960897450292e-07
1142.9932358089522	2.563851904736095e-07
1144.3560702675668	2.5727429120218965e-07
1145.7189047261816	2.5816339193077e-07
1147.081739184796	2.5905249265935016e-07
1148.4445736434109	2.599415933879305e-07
1149.8074081020256	2.6083069411651083e-07
1151.1702425606402	2.6171979484509095e-07
1152.5330770192547	2.626088955736711e-07
1153.8959114778695	2.6349799630225146e-07
1155.258745936484	2.6438709703083163e-07
1156.6215803950988	2.6527619775941197e-07
1157.9844148537134	2.6616529848799214e-07
1159.347249312328	2.670543992165723e-07
1160.710083770943	2.6794349994515276e-07
1162.0729182295574	2.6883260067373293e-07
1163.435752688172	2.697217014023131e-07
1164.7985871467868	2.7061080213089344e-07
1166.1614216054013	2.714999028594736e-07
1167.524256064016	2.723890035880539e-07
1168.8870905226306	2.7327810431663407e-07
1170.2499249812452	2.7416720504521425e-07
1171.61275943986	2.750563057737946e-07
1172.9755938984747	2.759454065023749e-07
1174.3384283570892	2.768345072309551e-07
1175.701262815704	2.7772360795953537e-07
1177.0640972743186	2.7861270868811554e-07
1178.4269317329333	2.795018094166959e-07
1179.7897661915479	2.8039091014527605e-07
1181.1526006501624	2.8128001087385623e-07
1182.5154351087772	2.8216911160243656e-07
1183.8782695673917	2.8305821233101674e-07
1185.2411040260065	2.83947313059597e-07
1186.6039384846213	2.8483641378817735e-07
1187.9667729432358	2.8572551451675753e-07
1189.3296074018506	2.8661461524533786e-07
1190.6924418604651	2.8750371597391804e-07
1192.0552763190797	2.883928167024982e-07
1193.4181107776944	2.892819174310785e-07
1194.780945236309	2.9017101815965867e-07
1196.1437796949238	2.91060118888239e-07
1197.5066141535383	2.919492196168192e-07
1198.869448612153	2.928383203453995e-07
1200.2322830707678	2.937274210739798e-07
1201.5951175293824	2.9461652180255997e-07
1202.957951987997	2.9550562253114014e-07
1204.3207864466117	2.963947232597205e-07
1205.6836209052262	2.9728382398830065e-07
1207.046455363841	2.98172924716881e-07
1208.4092898224555	2.9906202544546116e-07
1209.77212428107	2.9995112617404133e-07
1211.134958739685	3.0084022690262177e-07
1212.4977931982996	3.0172932763120195e-07
1213.8606276569142	3.026184283597821e-07
1215.223462115529	3.0350752908836246e-07
1216.5862965741435	3.0439662981694263e-07
1217.9491310327583	3.052857305455229e-07
1219.3119654913728	3.061748312741031e-07
1220.6747999499873	3.0706393200268326e-07
1222.0376344086021	3.079530327312636e-07
1223.4004688672167	3.0884213345984377e-07
1224.7633033258314	3.097312341884241e-07
1226.1261377844462	3.106203349170044e-07
1227.4889722430607	3.1150943564558456e-07
1228.8518067016755	3.123985363741649e-07
1230.21464116029	3.1328763710274507e-07
1231.5774756189048	3.141767378313254e-07
1232.9403100775194	3.150658385599056e-07
1234.303144536134	3.1595493928848575e-07
1235.6659789947487	3.1684404001706603e-07
1237.0288134533635	3.1773314074564637e-07
1238.391647911978	3.1862224147422654e-07
1239.7544823705928	3.195113422028069e-07
1241.1173168292073	3.2040044293138705e-07
1242.480151287822	3.2128954365996733e-07
1243.8429857464366	3.221786443885475e-07
1245.2058202050512	3.230677451171277e-07
1246.568654663666	3.23956845845708e-07
1247.9314891222805	3.248459465742882e-07
1249.2943235808953	3.257350473028685e-07
1250.65715803951	3.266241480314488e-07
1252.0199924981246	3.27513248760029e-07
1253.3828269567393	3.284023494886093e-07
1254.7456614153539	3.292914502171895e-07
1256.1084958739684	3.3018055094576966e-07
1257.4713303325832	3.3106965167435e-07
1258.8341647911977	3.3195875240293017e-07
1260.1969992498125	3.3284785313151045e-07
1261.559833708427	3.3373695386009063e-07
1262.9226681670418	3.3462605458867096e-07
1264.2855026256566	3.355151553172513e-07
1265.6483370842711	3.3640425604583147e-07
1267.0111715428857	3.3729335677441165e-07
1268.3740060015004	3.3818245750299193e-07
1269.736840460115	3.390715582315721e-07
1271.0996749187298	3.3996065896015244e-07
1272.4625093773443	3.408497596887326e-07
1273.8253438359588	3.417388604173128e-07
1275.1881782945738	3.426279611458932e-07
1276.5510127531884	3.435170618744734e-07
1277.913847211803	3.444061626030536e-07
1279.2766816704177	3.452952633316339e-07
1280.6395161290322	3.461843640602141e-07
1282.002350587647	3.470734647887944e-07
1283.3651850462616	3.479625655173746e-07
1284.728019504876	3.4885166624595477e-07
1286.0908539634909	3.4974076697453505e-07
1287.4536884221056	3.506298677031154e-07
1288.8165228807202	3.5151896843169556e-07
1290.179357339335	3.524080691602759e-07
1291.5421917979495	3.5329716988885607e-07
1292.9050262565643	3.5418627061743635e-07
1294.2678607151788	3.550753713460165e-07
1295.6306951737934	3.559644720745967e-07
1296.9935296324081	3.5685357280317703e-07
1298.3563640910227	3.577426735317572e-07
1299.7191985496374	3.5863177426033754e-07
