435.909115	1.2178094172877099e-259
438.9470604	6.990971087039644e-256
440.4965091	5.6387032045634755e-254
442.6476885	2.436269456379061e-251
445.1578895	2.7930810995783236e-248
447.9785207	7.357290531291816e-245
452.3502495	1.4547997081014841e-239
456.0113265	4.703255465990232e-235
458.8492969	1.877233300075308e-231
463.4287547	1.700465958228699e-225
466.6107763	2.454664230506275e-221
468.5526836	8.275406033611586e-219
470.1009422	8.407052683569319e-217
471.4120492	4.1450470156121817e-215
472.7223818	2.0095412831387434e-213
473.9127235	6.740529712840448e-212
477.5082345	2.533345335450701e-207
480.9002074	4.714535782066748e-203
482.2052101	2.0142699640956568e-201
482.9349265	1.6331392800934937e-200
484.8182221	3.540806700780808e-198
485.4744817	2.2901368525090106e-197
486.7711284	9.052897077748758e-196
488.0183077	3.0658197974540445e-194
489.3508368	1.300850853281566e-192
490.4884035	3.1494246564193024e-191
492.0113395	2.203498621766297e-189
493.8227044	3.353566659510315e-187
496.3512126	3.5508885815903335e-184
500.3097286	1.719166295133757e-179
501.8595613	1.1291930312697325e-177
502.8106275	1.4567239064743235e-176
504.4821398	1.2783745575367215e-174
505.1686932	7.973516657930839e-174
506.1429467	1.0631569285272625e-172
507.1648048	1.594031952223509e-171
509.7827879	1.5717073629334926e-168
513.0252222	7.361161119773692e-165
514.3660308	2.358851508842742e-163
515.5347797	4.780287224998091e-162
515.562215	5.129372149714173e-162
516.4088814	4.50041985839347e-161
518.0030647	2.6394717742469245e-159
518.660896	1.406906246385439e-158
519.4630442	1.0768214164619593e-157
520.1742036	6.510941799739428e-157
520.8541793	3.6225427048745457e-156
521.5121814	1.8991666840772776e-155
523.1059547	1.0335877172700769e-153
523.7640934	5.348237462701303e-153
525.0434375	1.2912098967554113e-151
525.2868357	2.3623565066250233e-151
526.4564046	4.272878648193616e-150
527.7609973	1.0639020067170904e-148
529.355044	5.293716415828609e-147
531.0716781	3.466765773846302e-145
533.9112104	3.300808374835264e-142
537.0138205	5.4574476171501245e-139
541.1223901	8.720049435800059e-135
545.4457497	1.958978963805718e-130
549.7676287	3.702427193466705e-126
554.0885967	5.89540237415622e-122
558.4089952	7.915530321629129e-118
562.7283688	8.953470038773044e-114
567.0450091	8.502365748804801e-110
571.3593716	6.786913542615101e-106
573.9756212	1.452923706178463e-103
576.6411512	3.228438437619739e-101
578.9963567	3.6245001925985457e-99
581.66052	7.114239025636675e-97
584.0177755	7.203876739321927e-95
587.1457498	3.054297724748813e-92
591.4650094	1.1208386224503222e-88
594.8575974	6.278990170483479e-86
596.1617801	6.955873200799163e-85
598.3311131	3.671446360667509e-83
600.5017899	1.8614029795083907e-81
602.6729222	9.049830923904128e-80
604.8425741	4.204810482357567e-78
606.7241158	1.1336189695736539e-76
609.5925525	1.6173096744301851e-74
611.7092471	5.994457818549513e-73
616.0370483	8.525652846450627e-70
620.3639384	1.0216591981184365e-66
624.6886646	1.0296083251489005e-63
629.0114547	8.731488441552596e-61
633.2820401	5.779334471633579e-58
637.6550989	3.766381545020287e-55
641.9764086	1.9173038934714157e-52
646.2970349	8.232041221847104e-50
650.6188	2.9886327328788593e-47
654.9382875	9.13253027630645e-45
659.2595971	2.361746582092487e-42
663.4154882	4.208705591523513e-40
667.9022163	9.50377283225027e-38
672.2231843	1.478242793949162e-35
676.5440384	1.9409354242300977e-33
680.8646647	2.1510209938841846e-31
685.1827855	2.007419406340048e-29
689.5022729	1.5841155123630498e-27
693.8227853	1.056524473009518e-25
698.14307	5.947943314022994e-24
702.4631268	2.8265714255710797e-22
706.7818171	1.1328111360754428e-20
711.1003934	3.833203728255302e-19
715.4195392	1.095729569264424e-17
719.7391405	2.6455572832669633e-16
724.0582863	5.391522750189113e-15
728.3769765	9.274899874526863e-14
732.6963501	1.3478153911400408e-12
737.0158375	1.6538693139123517e-11
741.3343	1.712606496532719e-10
745.6504847	1.4958538279612617e-09
749.9667833	1.1035003466478789e-08
754.2843347	6.878623164393587e-08
758.6024555	3.6216281456948217e-07
762.9196652	1.609684295762663e-06
767.2339139	6.036748009038689e-06
770.4669525	1.4552820658047071e-05
772.9790895	2.7005973167368206e-05
774.4831772	3.804787255757748e-05
776.8015649	6.199360837060682e-05
777.9936263	7.818444665887035e-05
779.680619	0.00010621099841500031
780.9718154	0.0001319564465866921
782.2828199	0.00016196449495537425
783.356485	0.0001893463470680879
784.1690489	0.00021163076733039744
784.7753286	0.00022905478650008486
785.9980988	0.0002659715293607693
787.5126592	0.0003140894353712787
788.1983471	0.00033633959321981074
788.6952567	0.00035250234354634733
788.8409989	0.00035723677853589085
789.3939504	0.0003751273411708204
790.1046022	0.0003978192956458809
790.815254	0.0004199565411782148
791.7428596	0.00044762159442506217
792.356594	0.0004649224142762306
792.585392	0.0004711300330974117
793.455409	0.0004933590219713478
793.8814204	0.0005033621633359252
794.5664705	0.000518085079325057
795.2778057	0.0005314321551414142
795.8420905	0.0005404993093121238
796.696376	0.0005514874339925063
797.1569399	0.0005559779190428187
797.7705249	0.0005603440888573546
800.186005	0.0005590786480724442
800.8309318	0.0005537908310116923
801.8762532	0.0005410134781115358
802.2444483	0.0005353330638362823
802.3737095	0.0005331996683616768
802.8314682	0.000525082334481433
803.5031903	0.000511662251994991
803.5145334	0.000511421001095693
804.3091944	0.0004933998237521478
804.8345691	0.0004803661108899698
805.2027073	0.0004707608973880861
805.7169527	0.00045676265433100636
806.3000607	0.0004401775599632167
806.6696224	0.0004293342983466044
806.6776514	0.00042909620365794897
807.2088295	0.00041313740454331605
807.4079486	0.0004070625919069753
807.4161485	0.00040681149320855714
807.7937961	0.00039517720358204275
807.946404	0.00039044206285899217
808.7743589	0.0003645420805049559
809.4098001	0.00034459486366131785
810.2849951	0.0003173629856508384
811.4454531	0.00028233599196209573
811.813819	0.000271604323568957
812.0814604	0.00026395105368633555
813.7786687	0.00021884684723797146
815.0833981	0.00018905762446263857
819.3038498	0.0001294543070914438
822.4836262	0.00012600413214390761
825.1454589	0.00015103565763786148
826.5712895	0.00017452753410936682
827.8783649	0.0002019044729542172
828.5644628	0.00021839400186262893
830.018748	0.00025781914155833846
830.4890992	0.00027177739150278403
830.8423752	0.00028261917753027104
831.347836	0.0002986357212568716
832.1397703	0.00032482876364054206
832.8242737	0.00034842729660855413
833.5339689	0.0003736879423807644
834.0281794	0.00039167391432502204
834.9549992	0.0004260571003147717
835.3315535	0.0004401957121284477
835.4448706	0.0004444627043480204
835.7933633	0.00045760852743431885
836.2929574	0.0004764774200777494
836.4777073	0.0004834496968648558
837.0850641	0.0005062897870951841
837.7034841	0.0005293123751841828
838.4098407	0.0005551378267986476
839.2031253	0.0005832847744070949
839.3134813	0.0005871120394363013
839.7863381	0.0006032279963062311
840.3599845	0.0006220919618146879
840.3681843	0.0006223556389383523
840.37553	0.0006225917016252375
840.5041319	0.0006267013297412336
840.9364865	0.0006401831278808804
841.0477451	0.0006435650231340433
841.912827	0.0006685272213838357
842.2838124	0.0006784515386483478
842.8388543	0.0006923440863998599
843.3637582	0.0007043611838703119
843.9847938	0.0007170797542642766
844.5887043	0.0007278002918608646
845.0592834	0.0007349758097367398
845.290473	0.0007381116503082045
846.0441436	0.0007465036769327042
848.307433	0.000754204548181455
850.0039775	0.0007425153933923607
850.2579291	0.0007395088541583361
850.9894905	0.0007290889080398801
851.7202319	0.0007161658919833052
852.3683005	0.0007027136437324198
852.6984411	0.0006951784461364468
853.6456039	0.0006711809469062711
853.9949734	0.0006614989399744408
854.124991	0.0006577892147287274
854.7336005	0.0006396997388599215
854.7418003	0.0006394482193889769
855.3071955	0.0006216415037103268
855.5776285	0.0006128195225313251
856.2124168	0.0005914194244172643
856.2228944	0.0005910586714328654
856.9528499	0.000565398020007832
857.3212158	0.0005520986437542665
857.6910537	0.0005385501513790531
858.3008676	0.000515861727987215
858.7898962	0.0004974309140946375
858.9586305	0.0004910363324674015
859.1577496	0.000483472954315342
859.1659495	0.00048316114622256294
859.7532134	0.0004607853003348414
860.4881718	0.0004327737933038582
861.2571335	0.0004036635801768553
861.7463899	0.0003853454167159491
861.8988156	0.00037968116616285825
862.8463058	0.0003450414929365455
863.734523	0.00031366384282793396
864.1025196	0.0003010317060303437
864.1297498	0.0003001062395687534
865.1210476	0.0002673451667414765
865.614006	0.0002517700798045213
865.7136492	0.0002486828532991821
866.5882976	0.00022249853932857535
867.2456846	0.00020393526607996427
868.3335855	0.00017539505830415394
868.7016667	0.00016636290860591298
868.7096957	0.0001661694200359576
869.4382846	0.00014923803888298312
870.0953642	0.00013502554360754086
871.3786829	0.0001100967204344946
872.5891826	8.986927889644011e-05
873.3196507	7.9117432236902e-05
874.5283282	6.355811919343305e-05
875.6176754	5.17231280999553e-05
876.9471637	3.9776201173475346e-05
878.6614517	2.784078926369956e-05
879.9654978	2.0935540608762744e-05
882.1342385	1.2695308978142042e-05
884.3036626	7.4497994678396545e-06
887.8110742	2.9366350607566284e-06
891.037517	1.1566063453594879e-06
894.6765312	3.70773337800643e-07
899.0947866	8.23302682441935e-08
903.4200822	1.654788099834126e-08
907.7445807	2.921840944415013e-09
