435.909115	2.2542636708983312e-263
438.9470604	4.752514392369487e-259
440.4965091	7.383592633133094e-257
442.6476885	7.851513436658392e-254
445.1578895	2.5336419688185334e-250
447.9785207	2.0742524972254315e-246
452.3502495	2.0890548192731144e-240
456.0113265	1.9467345360889177e-235
458.8492969	1.2738350641511243e-231
463.4287547	1.5688342967539328e-225
466.6107763	2.392754261980159e-221
468.5526836	8.171188946968927e-219
470.1009422	8.34614107282445e-217
471.4120492	4.1262022240733456e-215
472.7223818	2.0037918398807885e-213
473.9127235	6.727834483954776e-212
477.5082345	2.5319731907809446e-207
480.9002074	4.713728372096305e-203
482.2052101	2.014047027628988e-201
482.9349265	1.632997454706498e-200
484.8182221	3.540641410810989e-198
485.4744817	2.2900505880550784e-197
486.7711284	9.05267329288946e-196
488.0183077	3.0657690862607405e-194
489.3508368	1.3008367946346146e-192
490.4884035	3.149400918284866e-191
492.0113395	2.2034883254928444e-189
493.8227044	3.353557728777424e-187
496.3512126	3.5508842172547323e-184
500.3097286	1.7191656479303025e-179
501.8595613	1.1291927613423832e-177
502.8106275	1.4567236422860466e-176
504.4821398	1.2783744141801762e-174
505.1686932	7.9735159227332485e-174
506.1429467	1.063156854144587e-172
507.1648048	1.594031868552377e-171
509.7827879	1.5717073230195707e-168
513.0252222	7.361161042161106e-165
514.3660308	2.3588514914384918e-163
515.5347797	4.78028719907863e-162
515.562215	5.129372122101343e-162
516.4088814	4.500419838975947e-161
518.0030647	2.639471766708218e-159
518.660896	1.4069062429907578e-158
519.4630442	1.0768214143440698e-157
520.1742036	6.51094178904406e-157
520.8541793	3.6225426998600906e-156
521.5121814	1.8991666818476085e-155
523.1059547	1.0335877164527069e-153
523.7640934	5.348237459102959e-153
525.0434375	1.2912098961191839e-151
525.2868357	2.3623565055275464e-151
526.4564046	4.272878646695013e-150
527.7609973	1.0639020064434504e-148
529.355044	5.29371641489191e-147
531.0716781	3.4667657734337715e-145
533.9112104	3.300808374628676e-142
537.0138205	5.4574476169775064e-139
541.1223901	8.720049435684766e-135
545.4457497	1.958978963794965e-130
549.7676287	3.702427193457923e-126
554.0885967	5.895402374149932e-122
558.4089952	7.915530321625178e-118
562.7283688	8.953470038770868e-114
567.0450091	8.502365748803754e-110
571.3593716	6.786913542614659e-106
573.9756212	1.4529237061783975e-103
576.6411512	3.2284384376196377e-101
578.9963567	3.624500192598462e-99
581.66052	7.114239025636557e-97
584.0177755	7.203876739321837e-95
587.1457498	3.0542977247487862e-92
591.4650094	1.120838622450316e-88
594.8575974	6.278990170483454e-86
596.1617801	6.955873200799137e-85
598.3311131	3.671446360667498e-83
600.5017899	1.8614029795083863e-81
602.6729222	9.04983092390411e-80
604.8425741	4.2048104823575596e-78
606.7241158	1.1336189695736522e-76
609.5925525	1.6173096744301832e-74
611.7092471	5.994457818549506e-73
616.0370483	8.525652846450619e-70
620.3639384	1.0216591981184357e-66
624.6886646	1.0296083251488998e-63
629.0114547	8.73148844155259e-61
633.2820401	5.779334471633576e-58
637.6550989	3.766381545020285e-55
641.9764086	1.9173038934714146e-52
646.2970349	8.232041221847099e-50
650.6188	2.9886327328788574e-47
654.9382875	9.132530276306443e-45
659.2595971	2.361746582092485e-42
663.4154882	4.2087055915235086e-40
667.9022163	9.503772832250257e-38
672.2231843	1.4782427939491597e-35
676.5440384	1.9409354242300933e-33
680.8646647	2.1510209938841776e-31
685.1827855	2.0074194063400382e-29
689.5022729	1.5841155123630376e-27
693.8227853	1.0565244730095049e-25
698.14307	5.9479433140228694e-24
702.4631268	2.8265714255709753e-22
706.7818171	1.1328111360753662e-20
711.1003934	3.8332037282548087e-19
715.4195392	1.0957295692641453e-17
719.7391405	2.6455572832655774e-16
724.0582863	5.391522750183064e-15
728.3769765	9.274899874503672e-14
732.6963501	1.3478153911322256e-12
737.0158375	1.6538693138892126e-11
741.3343	1.7126064964725789e-10
745.6504847	1.4958538278241569e-09
749.9667833	1.1035003463732134e-08
754.2843347	6.878623159554813e-08
758.6024555	3.621628138202558e-07
762.9196652	1.6096842855759041e-06
767.2339139	6.036747887548422e-06
770.4669525	1.4552819942771392e-05
772.9790895	2.7005970469829918e-05
774.4831772	3.8047866709353894e-05
776.8015649	6.199358967851369e-05
777.9936263	7.818441317618918e-05
779.680619	0.00010621092329242643
780.9718154	0.00013195630899741833
782.2828199	0.00016196424360051304
783.356485	0.00018934593898150548
784.1690489	0.00021163018156416616
784.7753286	0.00022905402169765687
785.9980988	0.00026597022985559905
787.5126592	0.0003140869653766761
788.1983471	0.0003363363070030284
788.6952567	0.0003524983101426461
788.8409989	0.0003572324967322423
789.3939504	0.0003751219768003224
790.1046022	0.00039781215108547946
790.815254	0.0004199470589700476
791.7428596	0.0004476079459943803
792.356594	0.0004649051037939678
792.585392	0.0004711111313917341
793.455409	0.0004933327019484395
793.8814204	0.0005033312703719326
794.5664705	0.0005180452145011499
795.2778057	0.0005313803859621983
795.8420905	0.0005404357750321879
796.696376	0.000551401170930232
797.1569399	0.0005558764072962455
797.7705249	0.0005602182829265139
800.186005	0.0005587932125785809
800.8309318	0.0005534380283883401
801.8762532	0.0005405191404470503
802.2444483	0.0005347773667587813
802.3737095	0.000532620799165871
802.8314682	0.0005244139797209097
803.5031903	0.0005108391209807484
803.5145334	0.0005105949919076188
804.3091944	0.0004923473308046377
804.8345691	0.00047913372346514876
805.2027073	0.0004693860008434506
805.7169527	0.00045516320834978775
806.3000607	0.0004382830265731523
806.6696224	0.00042722773290197833
806.6776514	0.00042698479961706857
807.2088295	0.00041068236598072597
807.4079486	0.00040446609543823975
807.4161485	0.00040420901512889504
807.7937961	0.0003922852432825359
807.946404	0.0003874250282745579
808.7743589	0.0003607566274578454
809.4098001	0.00034010387652104056
810.2849951	0.00031170609971050214
811.4454531	0.0002747165603343975
811.813819	0.00026324575808533377
812.0814604	0.0002550161545624173
813.7786687	0.0002053667102413766
815.0833981	0.00017081481623203144
819.3038498	8.468597788110611e-05
822.4836262	4.486365629851689e-05
825.1454589	2.4564058827307016e-05
826.5712895	1.7325968894391988e-05
827.8783649	1.2379047005809919e-05
828.5644628	1.031221183376363e-05
830.018748	6.903336108445977e-06
830.4890992	6.038176327072645e-06
830.8423752	5.453238577171026e-06
831.347836	4.70420006627339e-06
832.1397703	3.7147163627872625e-06
832.8242737	3.015006559480414e-06
833.5339689	2.4175007663110154e-06
834.0281794	2.0672736742829917e-06
834.9549992	1.532283284670163e-06
835.3315535	1.353727934232306e-06
835.4448706	1.3038560410873173e-06
835.7933633	1.1608569602256808e-06
836.2929574	9.808861400570772e-07
836.4777073	9.211174452814552e-07
837.0850641	7.474950250047351e-07
837.7034841	6.022219091502637e-07
838.4098407	4.685076721410698e-07
839.2031253	3.5149172120283514e-07
839.3134813	3.3756485547338e-07
839.7863381	2.8351864025243083e-07
840.3599845	2.2880852763402504e-07
840.3681843	2.2810346848031423e-07
840.37553	2.2747357639094857e-07
840.5041319	2.167063648284813e-07
840.9364865	1.8390500174777843e-07
841.0477451	1.7625129033701803e-07
841.912827	1.2616103139427072e-07
842.2838124	1.0908146737458985e-07
842.8388543	8.754310972610959e-08
843.3637582	7.091918494305245e-08
843.9847938	5.510033286905805e-08
844.5887043	4.296456366189736e-08
845.0592834	3.53121999884068e-08
845.290473	3.2044584551664346e-08
846.0441436	2.3271247587182694e-08
848.307433	8.63272845335621e-09
850.0039775	3.9818986001922455e-09
850.2579291	3.5384336970550005e-09
850.9894905	2.5099834860026746e-09
851.7202319	1.772529702482337e-09
852.3683005	1.2967274519980208e-09
852.6984411	1.1042344499929218e-09
853.6456039	6.925656779620932e-10
853.9949734	5.818861072254542e-10
854.124991	5.452205420641252e-10
854.7336005	4.012134314530083e-10
854.7418003	3.9954982308060714e-10
855.3071955	2.9957557199161644e-10
855.5776285	2.6076055994862205e-10
856.2124168	1.8778083017238638e-10
856.2228944	1.8676022472241608e-10
856.9528499	1.2744554790307048e-10
857.3212158	1.0490054586427291e-10
857.6910537	8.616984811796901e-11
858.3008676	6.213389222182704e-11
858.7898962	4.768421939526228e-11
858.9586305	4.35003201876966e-11
859.1577496	3.901972469684065e-11
859.1659495	3.884514757268199e-11
859.7532134	2.8130444922704986e-11
860.4881718	1.870049014416072e-11
861.2571335	1.2135229285596931e-11
861.7463899	9.190595828870402e-12
861.8988156	8.424539064132169e-12
862.8463058	4.881366975704883e-12
863.734523	2.9050414381001655e-12
864.1025196	2.3380896531499135e-12
864.1297498	2.3007149590593243e-12
865.1210476	1.2738089964274637e-12
865.614006	9.461958580240465e-13
865.7136492	8.907681369346342e-13
866.5882976	5.223533496611011e-13
867.2456846	3.48144541421231e-13
868.3335855	1.7636870904547e-13
868.7016667	1.3977878198646488e-13
868.7096957	1.3906972941878394e-13
869.4382846	8.744867194338297e-14
870.0953642	5.731331387355068e-14
871.3786829	2.4829550713913363e-14
872.5891826	1.1126311377117847e-14
873.3196507	6.810642226989234e-15
874.5283282	2.9912970578389393e-15
875.6176754	1.4088978066339655e-15
876.9471637	5.539689410437845e-16
878.6614517	1.6236060688470758e-16
879.9654978	6.270131332896303e-17
882.1342385	1.2452336264323333e-17
884.3036626	2.3684815992079932e-18
887.8110742	1.4788980765494012e-19
891.037517	1.0449896863325895e-20
894.6765312	4.698151496131499e-22
899.0947866	9.2503109006036e-24
903.4200822	1.6664730575885596e-25
907.7445807	2.535695929027828e-27
