435.909115	1.21758399092062e-259
438.9470604	6.986218572647274e-256
440.4965091	5.631319611930343e-254
442.6476885	2.428417942942403e-251
445.1578895	2.7677446798901382e-248
447.9785207	7.149865281569273e-245
452.3502495	1.2458942261741727e-239
456.0113265	2.756520929901314e-235
458.8492969	6.033982359241837e-232
463.4287547	1.3163166147476618e-226
466.6107763	6.1909968526115976e-223
468.5526836	1.0421708664265883e-220
470.1009422	6.091161074486918e-219
471.4120492	1.8844791538836277e-217
472.7223818	5.7494432579548883e-216
473.9127235	1.269522888567228e-214
477.5082345	1.3721446697564326e-210
480.9002074	8.074099704428927e-207
482.2052101	2.2293646666902248e-205
482.9349265	1.4182538699580575e-204
484.8182221	1.6528996981892179e-202
485.4744817	8.62644539321437e-202
486.7711284	2.237848592982261e-200
488.0183077	5.07111933042327e-199
489.3508368	1.4058646951587163e-197
490.4884035	2.3738134436651166e-196
492.0113395	1.0296273452892013e-194
493.8227044	8.93073289117548e-193
496.3512126	4.3643356012297453e-190
500.3097286	6.4720345441082305e-186
501.8595613	2.699273493435248e-184
502.8106275	2.6418827704548684e-183
504.4821398	1.433565453995816e-181
505.1686932	7.351975905601616e-181
506.1429467	7.4382675496277075e-180
507.1648048	8.367113195637749e-179
509.7827879	3.991392184819645e-176
513.0252222	7.761258689952947e-173
514.3660308	1.7404250155410835e-171
515.5347797	2.591946078004114e-170
515.562215	2.761282896257994e-170
516.4088814	1.9417523080697033e-169
518.0030647	7.538706382108246e-168
518.660896	3.394681225150099e-167
519.4630442	2.1178893491885908e-166
520.1742036	1.0695367824758807e-165
520.8541793	5.01445522565625e-165
521.5121814	2.22966922384782e-164
523.1059547	8.17370006236697e-163
523.7640934	3.598343127100979e-162
525.0434375	6.362273768145548e-161
525.2868357	1.0974769038276031e-160
526.4564046	1.498603064852919e-159
527.7609973	2.736399644199809e-158
529.355044	9.366982093046853e-157
531.0716781	4.125305001987279e-155
533.9112104	2.06588194785216e-152
537.0138205	1.726178740605148e-149
541.1223901	1.1529346469448478e-145
545.4457497	1.0752997013506053e-141
549.7676287	8.781707187563765e-138
554.0885967	6.288033842333961e-134
558.4089952	3.950667307390527e-130
562.7283688	2.1760862486811513e-126
567.0450091	1.047430367427674e-122
571.3593716	4.410660551519962e-119
573.9756212	6.531501110445458e-117
576.6411512	1.012012065214127e-114
578.9963567	8.366654183272722e-113
581.66052	1.178373892091864e-110
584.0177755	9.008278009314929e-109
587.1457498	2.678635228505926e-106
591.4650094	6.232211167351793e-103
594.8575974	2.5097021012753346e-100
596.1617801	2.4648952894059097e-99
598.3311131	1.0734762123684884e-97
600.5017899	4.535249425216662e-96
602.6729222	1.855845013597025e-94
604.8425741	7.331396907198674e-93
606.7241158	1.731098446253449e-91
609.5925525	2.0471390268945635e-89
611.7092471	6.680881095920086e-88
616.0370483	7.545368790314156e-85
620.3639384	7.471980713719702e-82
624.6886646	6.475779229946136e-79
629.0114547	4.914552646286034e-76
633.2820401	3.030906999459248e-73
637.6550989	1.9126276927705663e-70
641.9764086	9.815617126897818e-68
646.2970349	4.420694390560386e-65
650.6188	1.7516972803937633e-62
654.9382875	6.078432144382571e-60
659.2595971	1.857409943365014e-57
663.4154882	4.03446416407176e-55
667.9022163	1.1755464788325733e-52
672.2231843	2.433740665081418e-50
676.5440384	4.42545695491348e-48
680.8646647	7.067049828446678e-46
685.1827855	9.885669137170652e-44
689.5022729	1.2167687076314807e-41
693.8227853	1.3171395858879811e-39
698.14307	1.252194312162036e-37
702.4631268	1.0455297806619866e-35
706.7818171	7.658616324193573e-34
711.1003934	4.928139500191116e-32
715.4195392	2.7874789062936073e-30
719.7391405	1.3857013246179718e-28
724.0582863	6.049216797097325e-27
728.3769765	2.3190905965158537e-25
732.6963501	7.815168669128869e-24
737.0158375	2.3138961855451474e-22
741.3343	6.014007828150976e-21
745.6504847	1.3710476910440606e-19
749.9667833	2.7466549559403464e-18
754.2843347	4.838773026319944e-17
758.6024555	7.492263497340766e-16
762.9196652	1.018675903565318e-14
767.2339139	1.214902665116331e-13
770.4669525	7.152756795262446e-13
772.9790895	2.697538289627038e-12
774.4831772	5.8482235845537914e-12
776.8015649	1.8692093129864654e-11
777.9936263	3.34826811729275e-11
779.680619	7.512257387676632e-11
780.9718154	1.375892737553764e-10
782.2828199	2.513548612194556e-10
783.356485	4.0808658242411384e-10
784.1690489	5.857662312951502e-10
784.7753286	7.648024279859834e-10
785.9980988	1.2995051702358195e-09
787.5126592	2.469994602621416e-09
788.1983471	3.286216782335802e-09
788.6952567	4.033403701240124e-09
788.8409989	4.281803648561004e-09
789.3939504	5.364370498012661e-09
790.1046022	7.14456040143904e-09
790.815254	9.48220816717592e-09
791.7428596	1.3648430681876196e-08
792.356594	1.7310482262810007e-08
792.585392	1.890170567759702e-08
793.455409	2.632002290829448e-08
793.8814204	3.0892963992566054e-08
794.5664705	3.986482390707011e-08
795.2778057	5.176917921591157e-08
795.8420905	6.353427993596307e-08
796.696376	8.626306227434584e-08
797.1569399	1.0151174657314805e-07
797.7705249	1.2580593084058646e-07
800.186005	2.854354938633834e-07
800.8309318	3.5280262335216053e-07
801.8762532	4.943376644855495e-07
802.2444483	5.556970775009921e-07
802.3737095	5.788691958057762e-07
802.8314682	6.683547605232497e-07
803.5031903	8.231310142426393e-07
803.5145334	8.260091880741278e-07
804.3091944	1.0524929475101597e-06
804.8345691	1.232387424821059e-06
805.2027073	1.374896544635492e-06
805.7169527	1.599445981218597e-06
806.3000607	1.894533390064377e-06
806.6696224	2.1065654446260665e-06
806.6776514	2.1114040408803807e-06
807.2088295	2.455038562590071e-06
807.4079486	2.5964964687355337e-06
807.4161485	2.602478079662106e-06
807.7937961	2.8919602995068295e-06
807.946404	3.017034584434279e-06
808.7743589	3.785453047110517e-06
809.4098001	4.490987140277316e-06
810.2849951	5.656885940336291e-06
811.4454531	7.619431627698231e-06
811.813819	8.358565483623205e-06
812.0814604	8.934899123918249e-06
813.7786687	1.3480136996594864e-05
815.0833981	1.824280823060712e-05
819.3038498	4.476832921033771e-05
822.4836262	8.114047584539072e-05
825.1454589	0.00012647159881055446
826.5712895	0.00015720156521497483
827.8783649	0.00018952542594840728
828.5644628	0.00020808179002886531
830.018748	0.0002509158054498925
830.4890992	0.00026573921517571137
830.8423752	0.0002771659389531
831.347836	0.0002939315211905982
832.1397703	0.0003211140472777548
832.8242737	0.0003454122900490737
833.5339689	0.0003712704416144534
834.0281794	0.000389606640650739
834.9549992	0.0004245248170301015
835.3315535	0.00043884198419421536
835.4448706	0.0004431588483069331
835.7933633	0.00045644767047409314
836.2929574	0.0004754965339376923
836.4777073	0.00048252857941957436
837.0850641	0.0005055422920701793
837.7034841	0.0005287101532750325
838.4098407	0.0005546693191265065
839.2031253	0.000582933282685892
839.3134813	0.000586774474580828
839.7863381	0.0006029444776659787
840.3599845	0.0006218631532870538
840.3681843	0.000622127535469872
840.37553	0.0006223642280488466
840.5041319	0.0006264846233764051
840.9364865	0.0006399992228791326
841.0477451	0.0006433887718437063
841.912827	0.0006684010603524414
842.2838124	0.0006783424571809732
842.8388543	0.0006922565432901338
843.3637582	0.0007042902646853689
843.9847938	0.0007170246539314075
844.5887043	0.0007277573272972027
845.0592834	0.0007349404975367514
845.290473	0.0007380796057236529
846.0441436	0.000746480405685117
848.307433	0.0007541959154530017
850.0039775	0.0007425114114937605
850.2579291	0.000739505315724639
850.9894905	0.000729086398056394
851.7202319	0.0007161641194536028
852.3683005	0.0007027123470049678
852.6984411	0.0006951773419019968
853.6456039	0.0006711802543405931
853.9949734	0.0006614983580883336
854.124991	0.0006577886695081853
854.7336005	0.0006396993376464901
854.7418003	0.0006394478198391537
855.3071955	0.0006216412041347548
855.5776285	0.0006128192617707651
856.2124168	0.0005914192366364341
856.2228944	0.0005910584846726407
856.9528499	0.0005653978925622841
857.3212158	0.0005520985388537206
857.6910537	0.000538550065209205
858.3008676	0.0005158616658533228
858.7898962	0.0004974308664104181
858.9586305	0.0004910362889670813
859.1577496	0.00048347291529561733
859.1659495	0.00048316110737741535
859.7532134	0.00046078527220439646
860.4881718	0.00043277377460336806
861.2571335	0.000403663568041626
861.7463899	0.0003853454075253533
861.8988156	0.0003796811577383192
862.8463058	0.00034504148805517855
863.734523	0.0003136638399228925
864.1025196	0.0003010317036922541
864.1297498	0.00030010623726803846
865.1210476	0.0002673451654676675
865.614006	0.0002517700788583254
865.7136492	0.00024868285240841394
866.5882976	0.000222498538806222
867.2456846	0.00020393526573181972
868.3335855	0.00017539505812778523
868.7016667	0.0001663629084661342
868.7096957	0.00016616941989688788
869.4382846	0.00014923803879553444
870.0953642	0.00013502554355022755
871.3786829	0.00011009672040966505
872.5891826	8.98692788853138e-05
873.3196507	7.911743223009135e-05
874.5283282	6.355811919044175e-05
875.6176754	5.17231280985464e-05
876.9471637	3.977620117292138e-05
878.6614517	2.78407892635372e-05
879.9654978	2.0935540608700044e-05
882.1342385	1.2695308978129589e-05
884.3036626	7.449799467837286e-06
887.8110742	2.9366350607564806e-06
891.037517	1.1566063453594775e-06
894.6765312	3.707733378006425e-07
899.0947866	8.233026824419349e-08
903.4200822	1.654788099834126e-08
907.7445807	2.921840944415013e-09
