435.909115	3.240644552505112e-258
438.9470604	1.85940775575912e-254
440.4965091	1.4987964165017518e-252
442.6476885	6.463323628336886e-250
445.1578895	7.366454213010206e-247
447.9785207	1.9029629289346877e-243
452.3502495	3.3159932843697584e-238
456.0113265	7.336581789808862e-234
458.8492969	1.6059665869624446e-230
463.4287547	3.503425060417111e-225
466.6107763	1.6477565715875166e-221
468.5526836	2.7737760731489764e-219
470.1009422	1.6211849122245983e-217
471.4120492	5.01561054504745e-216
472.7223818	1.5302354591358498e-214
473.9127235	3.378881837962797e-213
477.5082345	3.652013481166907e-209
480.9002074	2.148951318237772e-205
482.2052101	5.933536016020151e-204
482.9349265	3.7747348125641635e-203
484.8182221	4.399253310421889e-201
485.4744817	2.2959601538343073e-200
486.7711284	5.95611629773144e-199
488.0183077	1.349697052177399e-197
489.3508368	3.7417605683864274e-196
490.4884035	6.317991746146639e-195
492.0113395	2.7403910305184707e-193
493.8227044	2.3769473900345385e-191
496.3512126	1.1615839643830667e-188
500.3097286	1.7225557863265801e-184
501.8595613	7.18421563313135e-183
502.8106275	7.031468114128514e-182
504.4821398	3.815487156363189e-180
505.1686932	1.9567554145174355e-179
506.1429467	1.9797222527992387e-178
507.1648048	2.2269379360955193e-177
509.7827879	1.062323703095611e-174
513.0252222	2.0656875321727783e-171
514.3660308	4.632205160148612e-170
515.5347797	6.89855977140441e-169
515.562215	7.349255938325974e-169
516.4088814	5.168045150382198e-168
518.0030647	2.00645441729591e-166
518.660896	9.035068875582196e-166
519.4630442	5.636840360447919e-165
520.1742036	2.8466114647365395e-164
520.8541793	1.3346156923857861e-163
521.5121814	5.934346606091183e-163
523.1059547	2.175460319652568e-161
523.7640934	9.577122514617745e-161
525.0434375	1.6933425523029252e-159
525.2868357	2.920975124845384e-159
526.4564046	3.988587148563857e-158
527.7609973	7.283028248218126e-157
529.355044	2.493056718846446e-155
531.0716781	1.0979650916733948e-153
533.9112104	5.498420749901447e-151
537.0138205	4.5942881756868486e-148
541.1223901	3.0685779468825237e-144
545.4457497	2.86194968517732e-140
549.7676287	2.337283651171859e-136
554.0885967	1.6735833231282877e-132
558.4089952	1.051484627255568e-128
562.7283688	5.791733547874486e-125
567.0450091	2.7877744284124816e-121
571.3593716	1.1739135202020089e-117
573.9756212	1.738383031567478e-115
576.6411512	2.693507315027945e-113
578.9963567	2.226815768267152e-111
581.66052	3.1362854330356452e-109
584.0177755	2.397586308297743e-107
587.1457498	7.129286132320655e-105
591.4650094	1.6587259129671663e-101
594.8575974	6.679664403898012e-99
596.1617801	6.560409426925143e-98
598.3311131	2.8570964022165423e-96
600.5017899	1.2070733069484397e-94
602.6729222	4.939399728029986e-93
604.8425741	1.951278238440237e-91
606.7241158	4.607382153127404e-90
609.5925525	5.448535776747896e-88
611.7092471	1.7781410638503786e-86
616.0370483	2.0082276417321742e-83
620.3639384	1.988695135358234e-80
624.6886646	1.723552448228506e-77
629.0114547	1.3080262536257945e-74
633.2820401	8.06687040088356e-72
637.6550989	5.090528916088091e-69
641.9764086	2.6124625823723617e-66
646.2970349	1.176584063348891e-63
650.6188	4.6622067074436054e-61
654.9382875	1.6177970606833933e-58
659.2595971	4.94356484613724e-56
663.4154882	1.073787468714231e-53
667.9022163	3.128760168705032e-51
672.2231843	6.4774902489831184e-49
676.5440384	1.177851637359546e-46
680.8646647	1.8809212916409796e-44
685.1827855	2.6311071824307977e-42
689.5022729	3.238474646059726e-40
693.8227853	3.505615428361033e-38
698.14307	3.3327611948294274e-36
702.4631268	2.7827159468664727e-34
706.7818171	2.038368889193344e-32
711.1003934	1.3116424447404539e-30
715.4195392	7.418977582050193e-29
719.7391405	3.6880950164489385e-27
724.0582863	1.610021288602332e-25
728.3769765	6.172344876744435e-24
732.6963501	2.0800358713136386e-22
737.0158375	6.1585197609896164e-21
741.3343	1.6006502920824915e-19
745.6504847	3.6490938319969354e-18
749.9667833	7.31032313742005e-17
754.2843347	1.2878572291917316e-15
758.6024555	1.9940934727822948e-14
762.9196652	2.7112433657748287e-13
767.2339139	3.233508105306434e-12
770.4669525	1.903732515933872e-11
772.9790895	7.179597324406456e-11
774.4831772	1.5565262061951448e-10
776.8015649	4.974969302151678e-10
777.9936263	8.911538682787013e-10
779.680619	1.9994149201964742e-09
780.9718154	3.6619891013955027e-09
782.2828199	6.689902034114472e-09
783.356485	1.086137441149512e-08
784.1690489	1.5590383584567304e-08
784.7753286	2.0355497776555788e-08
785.9980988	3.4586807828286294e-08
787.5126592	6.573981436508525e-08
788.1983471	8.746386773675708e-08
788.6952567	1.0735052226331311e-07
788.8409989	1.1396177817773524e-07
789.3939504	1.427746928477578e-07
790.1046022	1.9015510155862923e-07
790.815254	2.523724562068545e-07
791.7428596	3.6325800001709507e-07
792.356594	4.607248490824552e-07
792.585392	5.030758452305665e-07
793.455409	7.005170854380506e-07
793.8814204	8.222275934948015e-07
794.5664705	1.0610169433432102e-06
795.2778057	1.3778557361521855e-06
795.8420905	1.690988216887919e-06
796.696376	2.295923114350418e-06
797.1569399	2.7017724526652255e-06
797.7705249	3.3483710979406327e-06
800.186005	7.596970600612015e-06
800.8309318	9.389971517375424e-06
801.8762532	1.3156978668074782e-05
802.2444483	1.47900820023512e-05
802.3737095	1.5406816449538085e-05
802.8314682	1.7788507651064648e-05
803.5031903	2.190793454245837e-05
803.5145334	2.1984538197054087e-05
804.3091944	2.801248671411951e-05
804.8345691	3.28004443603311e-05
805.2027073	3.659337697321603e-05
805.7169527	4.256984277645746e-05
806.3000607	5.0423702642550834e-05
806.6696224	5.6067013721668025e-05
806.6776514	5.619579473973528e-05
807.2088295	6.534175386153033e-05
807.4079486	6.910670803616977e-05
807.4161485	6.92659108099328e-05
807.7937961	7.69705865101905e-05
807.946404	8.029948458318624e-05
808.7743589	0.0001007512244523453
809.4098001	0.00011952927370953762
810.2849951	0.00015056009887936105
811.4454531	0.0002027939738170819
811.813819	0.00022246629311198566
812.0814604	0.0002378056248194879
813.7786687	0.000358778801715419
815.0833981	0.0004855390474558777
819.3038498	0.0011915255396101436
822.4836262	0.0021595835933849827
825.1454589	0.003366088095673355
826.5712895	0.00418397744843869
827.8783649	0.005044288884716115
828.5644628	0.005538173336384782
830.018748	0.006678216403402418
830.4890992	0.007072746902618369
830.8423752	0.007376873356631424
831.347836	0.007823095491224742
832.1397703	0.008546568415840543
832.8242737	0.009193275079688713
833.5339689	0.009881499289542522
834.0281794	0.010369523967623745
834.9549992	0.01129888406853666
835.3315535	0.011679940735868576
835.4448706	0.011794835661188727
835.7933633	0.012148522548387821
836.2929574	0.012655515052190794
836.4777073	0.012842675527802822
837.0850641	0.013455193950270838
837.7034841	0.014071815093178067
838.4098407	0.014762727835391024
839.2031253	0.015514983615886886
839.3134813	0.015617218350264748
839.7863381	0.01604758892677228
840.3599845	0.016551116433286984
840.3681843	0.016558153062274535
840.37553	0.016564452722276572
840.5041319	0.016674118558654104
840.9364865	0.017033814592639307
841.0477451	0.01712402868439317
841.912827	0.01778973993803927
842.2838124	0.01805433386927447
842.8388543	0.018424662386148656
843.3637582	0.018744944304904396
843.9847938	0.019083874756087908
844.5887043	0.01936952880325046
845.0592834	0.01956071151984408
845.290473	0.019644260038233476
846.0441436	0.01986785041749938
848.307433	0.020073201546337655
850.0039775	0.019762214178019762
850.2579291	0.019682205834027442
850.9894905	0.019404902510097664
851.7202319	0.01906097131461253
852.3683005	0.018702947445768402
852.6984411	0.018502400514943708
853.6456039	0.017863709207717734
853.9949734	0.017606021979717296
854.124991	0.01750728725440559
854.7336005	0.017025833036929092
854.7418003	0.017019138798024174
855.3071955	0.016545209175005876
855.5776285	0.01631040993587691
856.2124168	0.015740840399876305
856.2228944	0.015731238853740757
856.9528499	0.015048272761408948
857.3212158	0.01469430557336381
857.6910537	0.014333707966642146
858.3008676	0.013729847877104443
858.7898962	0.01323930537442417
858.9586305	0.013069111345003227
859.1577496	0.012867809374299275
859.1659495	0.012859510491929894
859.7532134	0.012263969413023549
860.4881718	0.01151843310682058
861.2571335	0.01074365425772221
861.7463899	0.010256109681482429
861.8988156	0.010105353591116119
862.8463058	0.009183406048307429
863.734523	0.008348278408255005
864.1025196	0.008012069458666496
864.1297498	0.007987437829567191
865.1210476	0.007115489860016214
865.614006	0.00670095320421478
865.7136492	0.006618785537328072
866.5882976	0.005921880404961225
867.2456846	0.005427812067878856
868.3335855	0.004668203950582173
868.7016667	0.004427809966949806
868.7096957	0.00442266019754929
869.4382846	0.003972025265243695
870.0953642	0.0035937544795101852
871.3786829	0.002930264687321434
872.5891826	0.0023919038951641554
873.3196507	0.002105739543855035
874.5283282	0.0016916227074096262
875.6176754	0.0013766300687342576
876.9471637	0.0010586582166944632
878.6614517	0.0007409928410450548
879.9654978	0.0005572071095977186
882.1342385	0.00033789031548647443
884.3036626	0.00019827915152242112
887.8110742	7.815962170412963e-05
891.037517	3.078350307191577e-05
894.6765312	9.868268688793265e-06
899.0947866	2.191250355469107e-06
903.4200822	4.4042793608209963e-07
907.7445807	7.776587085910699e-08
