435.909115	5.999805631054094e-262
438.9470604	1.2648991766629097e-257
440.4965091	1.9651703227789555e-255
442.6476885	2.0897091648017997e-252
445.1578895	6.743381241438643e-249
447.9785207	5.520699274775495e-245
452.3502495	5.560096199066508e-239
456.0113265	5.181305533411378e-234
458.8492969	3.3903588518029943e-230
463.4287547	4.175510154100139e-224
466.6107763	6.36840343039211e-220
468.5526836	2.174791977058048e-217
470.1009422	2.2213561285113052e-215
471.4120492	1.0982038906299582e-213
472.7223818	5.333165644986884e-212
473.9127235	1.790637880685267e-210
477.5082345	6.738939727344191e-206
480.9002074	1.2545761347825214e-201
482.2052101	5.360460204178642e-200
482.9349265	4.346282757748852e-199
484.8182221	9.423547275488683e-197
485.4744817	6.095053826660935e-196
486.7711284	2.4094022762264885e-194
488.0183077	8.159657126501393e-193
489.3508368	3.462224950119031e-191
490.4884035	8.382246321896517e-190
492.0113395	5.864665182660515e-188
493.8227044	8.925617178209508e-186
496.3512126	9.450808881383471e-183
500.3097286	4.575622571718314e-178
501.8595613	3.005388045555345e-176
502.8106275	3.877123525836049e-175
504.4821398	3.4024404987803324e-173
505.1686932	2.122180574974631e-172
506.1429467	2.829631050944677e-171
507.1648048	4.242574417751671e-170
509.7827879	4.183156819123966e-167
513.0252222	1.9592000723790277e-163
514.3660308	6.2781699602660665e-162
515.5347797	1.2722910112665917e-160
515.562215	1.3652012468307002e-160
516.4088814	1.1978032845303855e-159
518.0030647	7.025051139023788e-158
518.660896	3.7445326862306567e-157
519.4630442	2.8659997802504477e-156
520.1742036	1.732911092596577e-155
520.8541793	9.641530567137776e-155
521.5121814	5.054701940664645e-154
523.1059547	2.7509317039608084e-152
523.7640934	1.4234530608636857e-151
525.0434375	3.4366026058173776e-150
525.2868357	6.287498684114973e-150
526.4564046	1.1372423597207391e-148
527.7609973	2.831614301181297e-147
529.355044	1.4089420845173365e-145
531.0716781	9.226924550802308e-144
533.9112104	8.785222832977476e-141
537.0138205	1.4525197458590083e-137
541.1223901	2.3208732138438097e-133
545.4457497	5.2138945278791374e-129
549.7676287	9.854146083552137e-125
554.0885967	1.569083014484232e-120
558.4089952	2.1067474940737788e-116
562.7283688	2.3829989654530677e-112
567.0450091	2.26293590033439e-108
571.3593716	1.806361989333289e-104
573.9756212	3.8670098561927664e-102
576.6411512	8.592607585173379e-100
578.9963567	9.646740506022056e-98
581.66052	1.8934808699494004e-95
584.0177755	1.9173382769717758e-93
587.1457498	8.129125676128573e-91
591.4650094	2.9831531977803026e-87
594.8575974	1.671176316619042e-84
596.1617801	1.8513312234864634e-83
598.3311131	9.771689458166934e-82
600.5017899	4.954192458624319e-80
602.6729222	2.4086457692719564e-78
604.8425741	1.1191257675509944e-76
606.7241158	3.017168561478579e-75
609.5925525	4.304529153831231e-73
611.7092471	1.5954469851575603e-71
616.0370483	2.2691338469808395e-68
620.3639384	2.7191835138994516e-65
624.6886646	2.7403404077158422e-62
629.0114547	2.323917747307461e-59
633.2820401	1.5381911155421371e-56
637.6550989	1.0024362941317209e-53
641.9764086	5.102974796159303e-51
646.2970349	2.190988033721243e-48
650.6188	7.954355886298568e-46
654.9382875	2.4306565059321592e-43
659.2595971	6.285875350470629e-41
663.4154882	1.1201624651746632e-38
667.9022163	2.5294640769538307e-36
672.2231843	3.934397539071778e-34
676.5440384	5.165870984012895e-32
680.8646647	5.725021450786588e-30
685.1827855	5.34282054647432e-28
689.5022729	4.216181671209902e-26
693.8227853	2.8119787247348927e-24
698.14307	1.583066978781758e-22
702.4631268	7.523023759221196e-21
706.7818171	3.015018482925417e-19
711.1003934	1.020221263850461e-17
715.4195392	2.916324529669447e-16
719.7391405	7.0412479650561954e-15
724.0582863	1.4349736002094994e-13
728.3769765	2.4685486978696816e-12
732.6963501	3.587260211718692e-11
737.0158375	4.4018339782523156e-10
741.3343	4.55816514898688e-09
745.6504847	3.9812699531447e-08
749.9667833	2.937006738613565e-07
754.2843347	1.8307708410236541e-06
758.6024555	9.639096427665253e-06
762.9196652	4.2842339010719786e-05
767.2339139	0.00016067026424878428
770.4669525	0.00038732865266626586
772.9790895	0.0007187738319554981
774.4831772	0.001012657959578468
776.8015649	0.0016499821792992848
777.9936263	0.002080906898740135
779.680619	0.002826842768554268
780.9718154	0.003512065673579013
782.2828199	0.004310737884519641
783.356485	0.00503951177310925
784.1690489	0.005632615081552058
784.7753286	0.006096356992035159
785.9980988	0.007078895443248907
787.5126592	0.008359540047756304
788.1983471	0.008951714454416719
788.6952567	0.009381872109432957
788.8409989	0.009507874225890792
789.3939504	0.009984009314410958
790.1046022	0.01058791664434381
790.815254	0.011177045354898652
791.7428596	0.011913250031711843
792.356594	0.012373620245307308
792.585392	0.012538795951273937
793.455409	0.013130231220706532
793.8814204	0.013396346794958979
794.5664705	0.013787963827079773
795.2778057	0.014142884317774575
795.8420905	0.014383896826803114
796.696376	0.014675744869714638
797.1569399	0.014794854930776865
797.7705249	0.01491041554683133
800.186005	0.014872486775638518
800.8309318	0.01472995657974917
801.8762532	0.014386115627966368
802.2444483	0.014233296210469449
802.3737095	0.014175898371189469
802.8314682	0.013957470854681159
803.5031903	0.013596170998939233
803.5145334	0.013589673413911464
804.3091944	0.013104005205473343
804.8345691	0.012752320188563098
805.2027073	0.012492880967541043
805.7169527	0.012114336116757078
806.3000607	0.011665063873300683
806.6696224	0.011370823168109202
806.6776514	0.0113643574094245
807.2088295	0.010930462145113045
807.4079486	0.010765013819407199
807.4161485	0.010758171532466448
807.7937961	0.010440815961373558
807.946404	0.01031145955223008
808.7743589	0.009601670260689234
809.4098001	0.00905198970216779
810.2849951	0.008296172432800236
811.4454531	0.007311682244257163
811.813819	0.007006382625516404
812.0814604	0.006787348702397461
813.7786687	0.005465910489726546
815.0833981	0.004546299128743907
819.3038498	0.002253948433458557
822.4836262	0.001194062705106057
825.1454589	0.0006537814558972573
826.5712895	0.00046113703147518566
827.8783649	0.00032947288682935705
828.5644628	0.0002744633089179927
830.018748	0.000183734828322047
830.4890992	0.0001607082826918426
830.8423752	0.00014513994944412943
831.347836	0.00012520401411599143
832.1397703	9.886854159495075e-05
832.8242737	8.024550795349913e-05
833.5339689	6.434267161396571e-05
834.0281794	5.502124880959578e-05
834.9549992	4.078228291755466e-05
835.3315535	3.6029966625357235e-05
835.4448706	3.470260785546059e-05
835.7933633	3.0896634749185474e-05
836.2929574	2.610664520975102e-05
836.4777073	2.451587942620527e-05
837.0850641	1.98948548836841e-05
837.7034841	1.6028357500096793e-05
838.4098407	1.2469503926237084e-05
839.2031253	9.355081374758925e-06
839.3134813	8.984412723592574e-06
839.7863381	7.545952837085194e-06
840.3599845	6.089823077283378e-06
840.3681843	6.071057668714403e-06
840.37553	6.054292859195797e-06
840.5041319	5.7677195652319265e-06
840.9364865	4.894699228443086e-06
841.0477451	4.690992885597914e-06
841.912827	3.357822229718559e-06
842.2838124	2.9032433545668606e-06
842.8388543	2.329992047848548e-06
843.3637582	1.8875401784811145e-06
843.9847938	1.466515615225205e-06
844.5887043	1.143517656440376e-06
845.0592834	9.398471841180941e-07
845.290473	8.528783980325073e-07
846.0441436	6.193728094797027e-07
848.307433	2.2976324133887649e-07
850.0039775	1.059796950646832e-07
850.2579291	9.417671364167423e-08
850.9894905	6.680413319694057e-08
851.7202319	4.717652964671231e-08
852.3683005	3.4512877836245986e-08
852.6984411	2.9389605823844438e-08
853.6456039	1.8432890119086554e-08
853.9949734	1.5487112656046004e-08
854.124991	1.451124516032818e-08
854.7336005	1.067844297170001e-08
854.7418003	1.0634165423294932e-08
855.3071955	7.973313978152715e-09
855.5776285	6.9402381635024e-09
856.2124168	4.997855826791209e-09
856.2228944	4.970692037546554e-09
856.9528499	3.392010108812612e-09
857.3212158	2.7919665915846565e-09
857.6910537	2.2934421853111775e-09
858.3008676	1.6537163830674144e-09
858.7898962	1.2691330288178017e-09
858.9586305	1.1577770133286648e-09
859.1577496	1.0385243171886419e-09
859.1659495	1.0338778828513358e-09
859.7532134	7.487021328966553e-10
860.4881718	4.977204198375575e-10
861.2571335	3.22983588573924e-10
861.7463899	2.4461108662069127e-10
861.8988156	2.2422220421035664e-10
862.8463058	1.2991937654038753e-10
863.734523	7.73187458227239e-11
864.1025196	6.222911564416922e-11
864.1297498	6.123437442131004e-11
865.1210476	3.390289471598173e-11
865.614006	2.5183350600643963e-11
865.7136492	2.3708121427579978e-11
866.5882976	1.3902626428113117e-11
867.2456846	9.265994954385499e-12
868.3335855	4.694118027688681e-12
868.7016667	3.720263667870191e-12
868.7096957	3.701391973120347e-12
869.4382846	2.32747855154418e-12
870.0953642	1.525414918193076e-12
871.3786829	6.608476200590795e-13
872.5891826	2.9613086754261773e-13
873.3196507	1.8126774659106738e-13
874.5283282	7.961447085125405e-14
875.6176754	3.749833306080667e-14
876.9471637	1.4744087015247266e-14
878.6614517	4.321287239039052e-15
879.9654978	1.6688185044284743e-15
882.1342385	3.3142350738719676e-16
884.3036626	6.303800846115408e-17
887.8110742	3.936141597801737e-18
891.037517	2.781278465953902e-19
894.6765312	1.2504302919809723e-20
899.0947866	2.4620042520725005e-22
903.4200822	4.435379305445372e-24
907.7445807	6.748847932043107e-26
