100.42487496874219	2.0530069264624054e-252
101.78770942735684	2.0446670026574635e-252
103.1505438859715	2.0363270788525213e-252
104.51337834458614	2.0279871550475791e-252
105.8762128032008	2.0196472312426372e-252
107.23904726181546	2.011307307437695e-252
108.60188172043011	2.0029673836327528e-252
109.96471617904477	1.994627459827811e-252
111.3275506376594	1.986287536022869e-252
112.69038509627408	1.9779476122179265e-252
114.05321955488871	1.9696076884129848e-252
115.41605401350337	1.9612677646080426e-252
116.77888847211803	1.9529278408031007e-252
118.14172293073268	1.9445879169981585e-252
119.50455738934734	1.9362479931932163e-252
120.86739184796198	1.9279080693882744e-252
122.23022630657665	1.9195681455833322e-252
123.5930607651913	1.91122822177839e-252
124.95589522380597	1.902888297973448e-252
126.31872968242061	1.894548374168506e-252
127.68156414103527	1.8862084503635637e-252
129.04439859964992	1.8778685265586218e-252
130.40723305826455	1.8695286027536796e-252
131.77006751687924	1.8611886789487374e-252
133.13290197549387	1.8528487551437955e-252
134.49573643410855	1.8445088313388533e-252
135.85857089272318	1.836168907533911e-252
137.22140535133784	1.8278289837289692e-252
138.5842398099525	1.819489059924027e-252
139.94707426856712	1.8111491361190853e-252
141.3099087271818	1.8028092123141429e-252
142.67274318579643	1.794469288509201e-252
144.03557764441112	1.7861293647042585e-252
145.39841210302575	1.7777894408993168e-252
146.7612465616404	1.7694495170943746e-252
148.12408102025506	1.7611095932894327e-252
149.4869154788697	1.7527696694844907e-252
150.84974993748438	1.7444297456795483e-252
152.212584396099	1.7360898218746066e-252
153.57541885471366	1.7277498980696644e-252
154.93825331332835	1.719409974264722e-252
156.301087771943	1.71107005045978e-252
157.66392223055766	1.7027301266548379e-252
159.02675668917232	1.6943902028498957e-252
160.38959114778697	1.6860502790449537e-252
161.7524256064016	1.6777103552400118e-252
163.11526006501626	1.6693704314350699e-252
164.47809452363092	1.6610305076301277e-252
165.84092898224557	1.6526905838251855e-252
167.20376344086023	1.6443506600202436e-252
168.56659789947489	1.6360107362153014e-252
169.92943235808954	1.6276708124103592e-252
171.29226681670417	1.6193308886054172e-252
172.65510127531883	1.610990964800475e-252
174.01793573393348	1.602651040995533e-252
175.38077019254814	1.594311117190591e-252
176.7436046511628	1.5859711933856488e-252
178.10643910977745	1.5776312695807066e-252
179.4692735683921	1.5692913457757646e-252
180.83210802700674	1.5609514219708227e-252
182.1949424856214	1.5526114981658805e-252
183.55777694423605	1.5442715743609383e-252
184.9206114028507	1.5359316505559964e-252
186.28344586146537	1.5275917267510542e-252
187.64628032008002	1.519251802946112e-252
189.00911477869468	1.51091187914117e-252
190.37194923730934	1.502571955336228e-252
191.73478369592397	1.494232031531286e-252
193.09761815453862	1.485892107726344e-252
194.46045261315328	1.4775521839214018e-252
195.82328707176794	1.4692122601164596e-252
197.1861215303826	1.4608723363115177e-252
198.54895598899725	1.4525324125065755e-252
199.9117904476119	1.4441924887016333e-252
201.27462490622656	1.4358525648966914e-252
202.63745936484122	1.4275126410917492e-252
204.00029382345588	1.419172717286807e-252
205.36312828207053	1.4108327934818648e-252
206.7259627406852	1.402492869676923e-252
208.08879719929985	1.3941529458719807e-252
209.45163165791448	1.3858130220670388e-252
210.8144661165291	1.3774730982620968e-252
212.1773005751438	1.3691331744571547e-252
213.54013503375847	1.3607932506522122e-252
214.9029694923731	1.3524533268472705e-252
216.26580395098773	1.3441134030423286e-252
217.62863840960242	1.3357734792373862e-252
218.9914728682171	1.327433555432444e-252
220.35430732683173	1.319093631627502e-252
221.71714178544636	1.31075370782256e-252
223.079976244061	1.3024137840176182e-252
224.44281070267567	1.294073860212676e-252
225.80564516129036	1.2857339364077336e-252
227.16847961990499	1.2773940126027916e-252
228.5313140785196	1.2690540887978497e-252
229.89414853713424	1.2607141649929077e-252
231.25698299574893	1.2523742411879655e-252
232.6198174543636	1.2440343173830234e-252
233.98265191297824	1.2356943935780814e-252
235.34548637159287	1.2273544697731395e-252
236.70832083020755	1.219014545968197e-252
238.07115528882224	1.2106746221632549e-252
239.43398974743687	1.202334698358313e-252
240.7968242060515	1.193994774553371e-252
242.15965866466615	1.1856548507484288e-252
243.5224931232808	1.1773149269434869e-252
244.8853275818955	1.1689750031385444e-252
246.24816204051012	1.1606350793336025e-252
247.61099649912478	1.1522951555286606e-252
248.9738309577394	1.1439552317237186e-252
250.3366654163541	1.1356153079187762e-252
251.69949987496875	1.1272753841138342e-252
253.0623343335834	1.118935460308892e-252
254.42516879219804	1.1105955365039501e-252
255.78800325081272	1.102255612699008e-252
257.1508377094273	1.093915688894066e-252
258.51367216804204	1.0855757650891238e-252
259.87650662665664	1.077235841284182e-252
261.23934108527135	1.0688959174792396e-252
262.60217554388595	1.0605559936742978e-252
263.9650100025006	1.0522160698693557e-252
265.32784446111526	1.0438761460644136e-252
266.6906789197299	1.0355362222594714e-252
268.0535133783446	1.0271962984545294e-252
269.41634783695923	1.0188563746495873e-252
270.7791822955739	1.0105164508446451e-252
272.14201675418855	1.0021765270397031e-252
273.5048512128032	9.93836603234761e-253
274.86768567141786	9.854966794298188e-253
276.2305201300325	9.771567556248768e-253
277.5933545886472	9.688168318199347e-253
278.95618904726183	9.604769080149925e-253
280.3190235058765	9.521369842100505e-253
281.68185796449114	9.437970604051084e-253
283.04469242310574	9.354571366001666e-253
284.40752688172046	9.271172127952242e-253
285.77036134033506	9.187772889902825e-253
287.13319579894977	9.104373651853399e-253
288.49603025756437	9.020974413803982e-253
289.8588647161791	8.937575175754558e-253
291.2216991747937	8.85417593770514e-253
292.58453363340834	8.770776699655719e-253
293.947368092023	8.687377461606297e-253
295.31020255063765	8.603978223556877e-253
296.6730370092523	8.520578985507456e-253
298.03587146786697	8.437179747458034e-253
299.3987059264816	8.353780509408613e-253
300.7615403850963	8.270381271359193e-253
302.1243748437109	8.186982033309775e-253
303.4872093023256	8.10358279526035e-253
304.8500437609402	8.020183557210933e-253
306.2128782195549	7.936784319161508e-253
307.57571267816957	7.853385081112087e-253
308.9385471367842	7.769985843062667e-253
310.3013815953989	7.686586605013245e-253
311.6642160540135	7.603187366963828e-253
313.0270505126282	7.519788128914404e-253
314.3898849712428	7.436388890864985e-253
315.7527194298575	7.352989652815561e-253
317.1155538884721	7.269590414766144e-253
318.4783883470868	7.186191176716719e-253
319.8412228057014	7.102791938667302e-253
321.20405726431613	7.019392700617877e-253
322.56689172293073	6.935993462568459e-253
323.9297261815454	6.852594224519039e-253
325.29256064016005	6.769194986469618e-253
326.6553950987747	6.685795748420196e-253
328.01822955738936	6.602396510370776e-253
329.381064016004	6.518997272321355e-253
330.7438984746187	6.435598034271933e-253
332.10673293323333	6.352198796222513e-253
333.46956739184793	6.268799558173094e-253
334.83240185046265	6.18540032012367e-253
336.19523630907725	6.102001082074253e-253
337.55807076769196	6.018601844024829e-253
338.92090522630656	5.935202605975411e-253
340.2837396849213	5.851803367925986e-253
341.6465741435359	5.768404129876568e-253
343.00940860215053	5.685004891827148e-253
344.3722430607652	5.601605653777727e-253
345.73507751937984	5.518206415728305e-253
347.0979119779945	5.4348071776788845e-253
348.46074643660916	5.351407939629463e-253
349.8235808952238	5.2680087015800426e-253
351.18641535383847	5.1846094635306214e-253
352.5492498124531	5.1012102254812e-253
353.9120842710678	5.0178109874317796e-253
355.27491872968244	4.9344117493823583e-253
356.6377531882971	4.851012511332937e-253
358.00058764691175	4.7676132732835165e-253
359.3634221055264	4.684214035234095e-253
360.72625656414107	4.600814797184674e-253
362.08909102275567	4.5174155591352564e-253
363.4519254813704	4.434016321085832e-253
364.814759939985	4.3506170830364146e-253
366.1775943985997	4.2672178449869903e-253
367.5404288572143	4.183818606937573e-253
368.903263315829	4.100419368888148e-253
370.2660977744436	4.01702013083873e-253
371.62893223305826	3.9336208927893097e-253
372.9917666916729	3.8502216547398884e-253
374.3546011502876	3.766822416690467e-253
375.71743560890224	3.6834231786410466e-253
377.0802700675169	3.6000239405916254e-253
378.44310452613155	3.516624702542204e-253
379.8059389847462	3.4332254644927835e-253
381.1687734433608	3.349826226443366e-253
382.5316079019755	3.266426988393941e-253
383.8944423605901	3.1830277503445235e-253
385.25727681920483	3.099628512295099e-253
386.62011127781943	3.0162292742456816e-253
387.98294573643415	2.9328300361962574e-253
389.34578019504875	2.84943079814684e-253
390.7086146536634	2.7660315600974185e-253
392.07144911227806	2.6826323220479973e-253
393.4342835708927	2.599233083998576e-253
394.7971180295074	2.5158338459491552e-253
396.15995248812203	2.4324346078997342e-253
397.5227869467367	2.349035369850313e-253
398.88562140535134	2.265636131800892e-253
400.248455863966	2.182236893751471e-253
401.61129032258066	2.09883765570205e-253
402.9741247811953	2.015438417652629e-253
404.33695923980997	1.9320391796032078e-253
405.6997936984246	1.848639941553787e-253
407.0626281570393	1.765240703504366e-253
408.42546261565394	1.6818414654549447e-253
409.7882970742685	1.5984422274055308e-253
411.15113153288326	1.515042989356103e-253
412.51396599149786	1.4316437513066853e-253
413.87680045011257	1.3482445132572609e-253
415.2396349087272	1.2648452752078398e-253
416.6024693673419	1.1814460371584187e-253
417.9653038259565	1.0980467991090013e-253
419.32813828457114	1.0146475610595802e-253
420.69097274318574	9.312483230101626e-254
422.0538072018004	8.478490849607417e-254
423.4166416604151	7.644498469113171e-254
424.77947611902977	6.81050608861896e-254
426.1423105776445	5.976513708124715e-254
427.50514503625914	5.142521327630505e-254
428.86797949487374	4.308528947136329e-254
430.2308139534884	3.474536566642119e-254
431.593648412103	2.6405441861479435e-254
432.95648287071765	1.806551805653733e-254
434.3193173293323	9.72559425159523e-255
435.682151787947	1.3856704466527788e-255
437.0449862465616	6.954253358288977e-255
438.4078207051763	1.529417716323108e-254
439.770655163791	8.05381594760045e-253
441.13348962240565	1.9243890210973315e-250
442.49632408102025	6.009596439803055e-250
443.8591585396349	3.5585328409585805e-247
445.22199299824956	4.396787651434556e-245
446.58482745686416	9.630598610511568e-244
447.9476619154788	1.8821518455880063e-243
449.31049637409353	1.0103280504529822e-238
450.6733308327082	2.044043586110029e-238
452.0361652913229	3.077759121767119e-238
453.3989997499375	2.1018700867381003e-234
454.76183420855216	4.8327863052730086e-234
456.1246686671668	6.484305796548276e-232
457.4875031257814	8.356991421053761e-231
458.8503375843961	8.122113587832126e-229
460.2131720430108	1.0434174099141086e-225
461.57600650162544	2.0860226084693903e-225
462.93884096024004	3.128627807024629e-225
464.3016754188547	4.522816020975845e-222
465.6645098774694	1.1578525436426608e-221
467.02734433608407	6.079591591672908e-220
468.39017879469867	2.5430368112346096e-219
469.7530132533133	1.263101069499675e-217
471.1158477119279	3.9191237070632015e-216
472.4786821705427	1.2549658138102846e-214
473.8415166291573	3.185909286670265e-213
475.20435108777195	1.3121416728170274e-209
476.56718554638655	2.696264633308402e-209
477.9300200050012	2.675378784502441e-206
479.2928544636159	1.1308016142537986e-205
480.6556889222306	1.994065350057317e-205
482.0185233808452	5.115457781626327e-204
483.38135783945984	1.0716333449972488e-201
484.74419229807455	4.227808412188433e-201
486.1070267566892	3.0231727827709243e-199
487.4698612153038	7.823604284760818e-198
488.83269567391847	2.3392946264547724e-196
490.1955301325331	4.78772075937272e-195
491.55836459114784	1.9440939701593758e-193
492.92119904976244	1.2075938171614835e-191
494.2840335083771	2.1387554548587845e-189
495.64686796699175	8.38673704110013e-189
497.00970242560635	2.8663993907919435e-185
498.37253688422106	8.796399617712045e-185
499.7353713428357	1.47263998446319e-184
501.0982058014504	3.7395894208292228e-183
502.461040260065	4.710956125288097e-182
503.8238747186797	2.340585497571561e-180
505.18670917729435	2.286662826127236e-179
506.549543635909	1.0052968832554942e-177
507.9123780945236	3.0494089787116884e-175
509.27521255313826	8.567918250315908e-175
510.638047011753	5.456499262640905e-172
512.0008814703676	1.4134369399367936e-171
513.3637159289823	1.3238424420210988e-170
514.7265503875968	2.4483054683078235e-169
516.0893848462115	3.49517089807901e-168
517.4522193048263	1.3310124918522736e-166
518.8150537634409	1.813164357089111e-165
520.1778882220555	2.9035059343041728e-164
521.5407226806701	9.723887129141411e-163
522.9035571392849	1.9067289452751242e-161
524.2663915978995	7.230123236487976e-160
525.6292260565141	1.3742418858068943e-158
526.9920605151287	3.225446761297362e-157
528.3548949737434	9.745396555444734e-156
529.7177294323582	2.5163816343628746e-154
531.0805638909727	2.8151582569255806e-153
532.4433983495874	2.66185073764304e-151
533.806232808202	5.2955498927168236e-151
535.1690672668167	1.8658806529954816e-148
536.5319017254313	3.881525738843037e-148
537.894736184046	6.582926861817667e-145
539.2575706426607	1.6760039693331207e-144
540.6204051012753	2.693715252484475e-144
541.98323955989	5.701053271032425e-141
543.3460740185046	1.4721689568333536e-140
544.7089084771193	2.374232586563465e-140
546.0717429357339	3.3878354751141958e-137
547.4345773943486	1.0757177983334928e-136
548.7974118529633	1.812652049155566e-136
550.1602463115779	1.5227987201410965e-133
551.5230807701926	6.8005478010232605e-133
552.8859152288072	1.2078296881905423e-132
554.2487496874218	3.913867112813661e-130
555.6115841460365	3.70768126379864e-129
556.9744186046512	7.023975816315637e-129
558.3372530632658	1.0340270368832635e-128
559.7000875218804	1.731928654017929e-125
561.0629219804952	3.5589854880634707e-125
562.4257564391098	5.38604232210886e-125
563.7885908977245	6.851499957337022e-122
565.151425356339	1.5651134563165914e-121
566.5142598149537	2.445076916899554e-121
567.8770942735684	2.266306587774992e-118
569.2399287321831	5.973621096603438e-118
570.6027631907976	9.680935605431574e-118
571.9655976494123	4.118295960034146e-116
573.328432108027	1.3112582283952051e-115
574.6912665666417	7.358733511222395e-114
576.0541010252563	2.104124055662622e-113
577.4169354838709	7.515567121804148e-112
578.7797699424856	2.024512815648424e-111
580.1426044011004	1.3620640865058616e-109
581.5054388597149	2.955018259987622e-109
582.8682733183296	1.243710955093447e-107
584.2311077769442	5.085680856379336e-106
585.5939422355589	3.604297380493608e-105
586.9567766941735	6.700026675349284e-105
588.3196111527882	4.513173249672088e-102
589.6824456114028	9.744619000022588e-102
591.0452800700175	1.4976064750373092e-101
592.4081145286322	1.868855270365556e-99
593.7709489872468	4.545475930845971e-99
595.1337834458615	1.915805818197224e-98
596.4966179044761	4.964725481235351e-97
597.8594523630908	2.2501645392693087e-96
599.2222868217054	5.124063829957245e-95
600.5851212803201	3.056561193099458e-94
601.9479557389348	3.3303819937085704e-93
603.3107901975494	6.08539495449594e-92
604.673624656164	1.803179695635061e-91
606.0364591147787	2.9948129571173733e-90
607.3992935733934	1.3177150028637333e-88
608.762128032008	3.884500358079703e-88
610.1249624906226	4.880346843033668e-87
611.4877969492373	1.5978109321559352e-86
612.850631407852	5.30945232787089e-84
614.2134658664667	1.1627807521683677e-83
615.5763003250813	1.7946162715496463e-83
616.9391347836959	4.162002605723827e-81
618.3019692423106	1.0419442276573943e-80
619.6648037009253	1.6676881947423535e-80
621.02763815954	2.661907269219082e-78
622.3904726181545	8.087005407032127e-78
623.7533070767691	1.3512103544845623e-77
625.1161415353839	1.3090268501427221e-75
626.4789759939986	5.427372394022427e-75
627.8418104526131	9.545717937901789e-75
629.2046449112278	3.7741284748161425e-73
630.5674793698425	2.9475482492912434e-72
631.9303138284572	5.517683651100657e-72
633.2931482870717	2.0977041923948107e-71
634.6559827456864	1.6048922663119028e-69
636.0188172043011	3.1888074906998575e-69
637.3816516629158	4.772722715087944e-69
638.7444861215304	6.624000008131594e-67
640.107320580145	1.4847008141242356e-66
641.4701550387597	2.3070016274353119e-66
642.8329894973743	2.353568791213754e-64
644.195823955989	6.0565711799175304e-64
645.5586584146037	9.759573568621306e-64
646.9214928732183	6.837146418906408e-62
648.284327331833	2.150194405225916e-61
649.6471617904476	3.61667416856119e-61
651.0099962490623	1.5075646073806102e-59
652.3728307076769	6.5971400845424915e-59
653.7356651662916	1.1686715561704372e-58
655.0984996249063	1.9886035040297572e-57
656.4613340835209	1.7528366322455276e-56
657.8241685421356	3.3068129140880792e-56
659.1870030007502	4.860789195930631e-56
660.5498374593649	3.3677746266693394e-54
661.9126719179794	6.87281666944929e-54
663.2755063765942	1.0377858712229826e-53
664.6383408352089	8.605513008405329e-52
666.0011752938235	1.8076441779454237e-51
667.364009752438	2.7547370550502356e-51
668.7268442110528	1.261502364504818e-49
670.0896786696675	3.2946363971910394e-49
671.4525131282821	5.327770429877262e-49
672.8153475868967	1.670116691602384e-47
674.1781820455113	5.364731262394354e-47
675.5410165041261	9.05934583318663e-47
676.9038509627408	1.674367486297316e-45
678.2666854213553	7.570115013003728e-45
679.62951987997	1.3465862539710633e-44
680.9923543385846	9.605656171742085e-44
682.3551887971994	9.205192976889633e-43
683.7180232558139	1.7449820336603684e-42
685.0808577144286	2.569444769631842e-42
686.4436921730432	9.639775379100406e-41
687.806526631658	1.9774420535549425e-40
689.1693610902726	2.9909065691996748e-40
690.5321955488872	8.60332594521242e-39
691.8950300075019	1.955905993642053e-38
693.2578644661165	3.051479392762864e-38
694.6206989247312	6.441094840783656e-37
695.9835333833458	1.6843710352680546e-36
697.3463678419605	2.724632586457744e-36
698.7092023005752	3.936278615241309e-35
700.0720367591898	1.2609685786507185e-34
701.4348712178045	2.128309295777306e-34
702.7977056764191	1.8358845425864983e-33
704.1605401350338	8.180482926387105e-33
705.5233745936484	1.4525081310187714e-32
706.8862090522631	5.159698999763113e-32
708.2490435108778	4.5908589495416655e-31
709.6118779694924	8.66574799910702e-31
710.9747124281071	1.2740637048672373e-30
712.3375468867216	2.2186473021560465e-29
713.7003813453364	4.518195315654709e-29
715.063215803951	6.817743329153179e-29
716.4260502625657	9.162664748335818e-28
717.7888847211802	2.056453786124602e-27
719.1517191797949	3.1966410974157168e-27
720.5145536384097	3.193057034541307e-26
721.8773880970243	8.156839135760984e-26
723.2402225556389	1.3120621236980248e-25
724.6030570142535	9.192883987084006e-25
725.9658914728683	2.816267496528524e-24
727.328725931483	4.713246594348489e-24
728.6915603900975	2.0871896990429575e-23
730.0543948487121	8.455302236694109e-23
731.4172293073268	1.4823414774345261e-22
732.7800637659416	3.233273459547417e-22
734.1428982245561	2.2007650456867225e-21
735.5057326831708	4.07820274541886e-21
736.8685671417854	5.955640445150997e-21
738.2314016004001	4.948024079063373e-20
739.5942360590147	9.805055823111794e-20
740.9570705176294	1.4662087567160215e-19
742.3199049762441	9.56788151434097e-19
743.6827394348587	2.0584483003937686e-18
745.0455738934734	3.1601084493534404e-18
746.408408352088	1.5844944596031676e-17
747.7712428107027	3.7774495979681847e-17
749.1340772693173	5.970404736333202e-17
750.496911727932	2.2225620432714373e-16
751.8597461865467	6.056931234488519e-16
753.2225806451613	9.891300425705602e-16
754.585415103776	2.588440599844906e-15
755.9482495623906	8.475505355963923e-15
757.3110840210053	1.4362570112082944e-14
758.6739184796199	2.409878564881136e-14
760.0367529382346	1.0339106451883389e-13
761.3995873968493	1.8268334338885642e-13
762.7624218554638	2.6197562225887235e-13
764.1252563140786	1.098944844020676e-12
765.4880907726932	2.0347366725410545e-12
766.8509252313079	2.9705285010614333e-12
768.2137596899224	8.023213865422669e-12
769.5765941485371	1.468505404848652e-11
770.9394286071519	2.896003266520482e-11
772.3022630657665	5.758160210978141e-11
773.665097524381	1.1004263465699391e-10
775.0279319829957	2.359762535874159e-10
776.3907664416105	4.3692504424841233e-10
777.7536009002251	8.118897767370771e-10
779.1164353588397	1.6287774209191481e-09
780.4792698174543	3.0277760811268532e-09
781.842104276069	5.672019534586766e-09
783.2049387346838	1.0272577160227498e-08
784.5677731932983	1.8724195897079894e-08
785.930607651913	3.380130663258038e-08
787.2934421105276	6.123073607325102e-08
788.6562765691423	1.0579051135636611e-07
790.0191110277569	1.8445525434505747e-07
791.3819454863716	3.201144940286939e-07
792.7447799449862	5.392472689294289e-07
794.1076144036009	9.010725116394189e-07
795.4704488622156	1.4847571293517221e-06
796.8332833208302	2.416565973179348e-06
798.1961177794449	4.09694844947823e-06
799.5589522380595	6.494044498041715e-06
800.9217866966742	9.717383780673233e-06
802.2846211552888	1.4981755789214256e-05
803.6474556139035	2.2992827596162166e-05
805.0102900725182	3.4610899801879953e-05
806.3731245311328	5.153940788937299e-05
807.7359589897474	7.579060766764879e-05
809.0987934483621	0.00011033865430404335
810.4616279069768	0.00015851059424371408
811.8244623655914	0.0002230762963300673
813.187296824206	0.00031662714918007117
814.5501312828208	0.00043372981192330603
815.9129657414354	0.0006243070255805194
817.2758002000501	0.0008522785289208649
818.6386346586646	0.0010802500322611914
820.0014691172794	0.0014039102841982341
821.364303575894	0.0018188145754634236
822.7271380345087	0.0022699579699170776
824.0899724931232	0.002887677449504276
825.4528069517379	0.003542390034423718
826.8156414103526	0.004344808830432814
828.1784758689672	0.005260322400265626
829.541310327582	0.006303943524621029
830.9041447861964	0.007431403711122831
832.2669792448113	0.008666753169211451
833.629813703426	0.009976144444466815
834.9926481620405	0.011336983189974562
836.3554826206552	0.012718856088021216
837.7183170792698	0.01408632376257043
839.0811515378845	0.015399318358272851
840.4439859964991	0.01662282887465951
841.8068204551139	0.017708164135920624
843.1696549137283	0.01862650781974228
844.5324893723432	0.019342938734695402
845.8953238309576	0.01982370026940757
847.2581582895724	0.019977999515944304
848.6209927481871	0.02001572405553259
849.9838272068017	0.01976590785457972
851.3466616654164	0.019236796110330977
852.7094961240309	0.01849494588544417
854.0723305826458	0.017547277316076238
855.4351650412602	0.016434101614465603
856.797999499875	0.015193154980488613
858.1608339584895	0.01386851432485312
859.5236684171043	0.01249674971293855
860.886502875719	0.01111708868042633
862.2493373343336	0.009764281301745824
863.6121717929482	0.008463316570995753
864.9750062515628	0.007243948187312285
866.3378407101777	0.006121440241752554
867.7006751687921	0.005110122718280985
869.0635096274069	0.0042038249734252355
870.4263440860216	0.003422634261441872
871.7891785446362	0.002747699784229347
873.1520130032509	0.0021714124086182804
874.5148474618654	0.0016962414751365432
875.8776819204801	0.0013144446739026823
877.2405163790947	0.0010042986289225248
878.6033508377094	0.0007517591954995641
879.966185296324	0.0005571375856155479
881.3290197549388	0.0004193191343974209
882.6918542135535	0.0003020055021787205
884.0546886721681	0.00021430162488819373
885.4175231307827	0.0001601323873272055
886.7803575893973	0.00011345892750601983
888.143192048012	7.328290280885223e-05
889.5060265066267	5.327145026198003e-05
890.8688609652413	3.3259997715107825e-05
892.2316954238559	2.3919962492653045e-05
893.5945298824705	1.6087071341164472e-05
894.9573643410854	9.380302064519444e-06
896.3201987996999	7.012284786914872e-06
897.6830332583146	4.644267509310102e-06
899.0458677169293	2.2762502317053312e-06
900.4087021755439	1.65939471840143e-06
901.7715366341586	1.1077373648425905e-06
903.1343710927731	5.560800112837968e-07
904.4972055513878	3.5009797548338773e-07
905.8600400100024	2.3580764579122803e-07
907.2228744686172	1.215173160990588e-07
908.5857089272318	7.226986406899134e-09
909.9485433858465	1.0706334328526054e-07
911.3113778444612	2.2135367297742026e-07
912.6742123030758	3.356440026695799e-07
914.0370467616904	4.499343323617301e-07
915.399881220305	5.642246620538896e-07
916.7627156789197	6.785149917460495e-07
918.1255501375343	7.928053214382091e-07
919.4883845961491	9.070956511303782e-07
920.8512190547638	1.021385980822538e-06
922.2140535133784	1.1356763105146977e-06
923.5768879719931	1.2499666402068573e-06
924.9397224306076	1.3642569698990076e-06
926.3025568892223	1.4785472995911672e-06
927.6653913478369	1.5928376292833268e-06
929.0282258064516	1.7071279589754865e-06
930.3910602650662	1.821418288667646e-06
931.753894723681	1.9357086183598154e-06
933.1167291822957	2.049998948051975e-06
934.4795636409103	2.1642892777441347e-06
935.8423980995249	2.278579607436285e-06
937.2052325581395	2.3928699371284446e-06
938.5680670167542	2.5071602668206042e-06
939.9309014753688	2.621450596512764e-06
941.2937359339835	2.735740926204924e-06
942.656570392598	2.8500312558970738e-06
944.0194048512127	2.9643215855892334e-06
945.3822393098276	3.0786119152814125e-06
946.7450737684421	3.1929022449735624e-06
948.1079082270568	3.307192574665722e-06
949.4707426856714	3.421482904357882e-06
950.8335771442861	3.5357732340500416e-06
952.1964116029008	3.6500635637422013e-06
953.5592460615153	3.7643538934343516e-06
954.92208052013	3.878644223126512e-06
956.2849149787446	3.992934552818671e-06
957.6477494373594	4.10722488251084e-06
959.010583895974	4.221515212203e-06
960.3734183545887	4.335805541895159e-06
961.7362528132034	4.45009587158732e-06
963.099087271818	4.5643862012794795e-06
964.4619217304326	4.678676530971629e-06
965.8247561890472	4.7929668606637885e-06
967.1875906476619	4.907257190355949e-06
968.5504251062765	5.021547520048109e-06
969.9132595648913	5.1358378497402776e-06
971.276094023506	5.250128179432437e-06
972.6389284821206	5.364418509124597e-06
974.0017629407353	5.4787088388167564e-06
975.3645973993498	5.592999168508907e-06
976.7274318579645	5.707289498201066e-06
978.0902663165791	5.821579827893226e-06
979.4531007751938	5.935870157585386e-06
980.8159352338084	6.050160487277545e-06
982.178769692423	6.1644508169696955e-06
983.5416041510379	6.278741146661875e-06
984.9044386096525	6.393031476354034e-06
986.2672730682671	6.5073218060461845e-06
987.6301075268817	6.621612135738344e-06
988.9929419854964	6.735902465430504e-06
990.355776444111	6.850192795122663e-06
991.7186109027257	6.964483124814823e-06
993.0814453613402	7.078773454506973e-06
994.4442798199549	7.193063784199133e-06
995.8071142785698	7.307354113891311e-06
997.1699487371843	7.421644443583462e-06
998.532783195799	7.535934773275622e-06
999.8956176544136	7.650225102967782e-06
1001.2584521130283	7.764515432659941e-06
1002.6212865716429	7.8788057623521e-06
1003.9841210302575	7.99309609204425e-06
1005.3469554888721	8.10738642173641e-06
1006.7097899474868	8.22167675142857e-06
1008.0726244061016	8.33596708112074e-06
1009.4354588647162	8.450257410812899e-06
1010.7982933233309	8.564547740505059e-06
1012.1611277819455	8.678838070197218e-06
1013.5239622405602	8.793128399889378e-06
1014.8867966991747	8.907418729581529e-06
1016.2496311577894	9.021709059273689e-06
1017.612465616404	9.135999388965848e-06
1018.9753000750187	9.250289718658008e-06
1020.3381345336334	9.364580048350167e-06
1021.7009689922481	9.478870378042335e-06
1023.0638034508628	9.593160707734495e-06
1024.4266379094774	9.707451037426655e-06
1025.789472368092	9.821741367118806e-06
1027.1523068267068	9.936031696810976e-06
1028.5151412853213	1.0050322026503125e-05
1029.8779757439358	1.0164612356195275e-05
1031.2408102025506	1.0278902685887444e-05
1032.6036446611652	1.0393193015579594e-05
1033.96647911978	1.0507483345271764e-05
1035.3293135783947	1.0621773674963933e-05
1036.6921480370092	1.0736064004656083e-05
1038.054982495624	1.0850354334348253e-05
1039.4178169542386	1.0964644664040402e-05
1040.780651412853	1.1078934993732553e-05
1042.1434858714679	1.1193225323424721e-05
1043.5063203300824	1.1307515653116872e-05
1044.8691547886972	1.142180598280904e-05
1046.231989247312	1.153609631250121e-05
1047.5948237059265	1.165038664219336e-05
1048.9576581645413	1.176467697188553e-05
1050.3204926231558	1.187896730157768e-05
1051.6833270817704	1.199325763126983e-05
1053.0461615403851	1.2107547960962e-05
1054.4089959989997	1.222183829065415e-05
1055.7718304576144	1.2336128620346319e-05
1057.134664916229	1.2450418950038469e-05
1058.4974993748435	1.256470927973062e-05
1059.8603338334585	1.2678999609422806e-05
1061.223168292073	1.2793289939114958e-05
1062.5860027506876	1.2907580268807107e-05
1063.9488372093024	1.3021870598499277e-05
1065.311671667917	1.3136160928191426e-05
1066.6745061265317	1.3250451257883596e-05
1068.0373405851462	1.3364741587575746e-05
1069.4001750437608	1.3479031917267897e-05
1070.7630095023756	1.3593322246960066e-05
1072.1258439609903	1.3707612576652235e-05
1073.4886784196049	1.3821902906344386e-05
1074.8515128782196	1.3936193236036554e-05
1076.2143473368342	1.4050483565728705e-05
1077.577181795449	1.4164773895420873e-05
1078.9400162540635	1.4279064225113024e-05
1080.302850712678	1.4393354554805174e-05
1081.6656851712928	1.4507644884497343e-05
1083.0285196299074	1.4621935214189493e-05
1084.3913540885221	1.4736225543881663e-05
1085.754188547137	1.4850515873573832e-05
1087.1170230057514	1.496480620326598e-05
1088.4798574643662	1.5079096532958152e-05
1089.8426919229807	1.5193386862650303e-05
1091.2055263815953	1.530767719234245e-05
1092.56836084021	1.542196752203462e-05
1093.9311952988246	1.5536257851726768e-05
1095.2940297574394	1.565054818141894e-05
1096.656864216054	1.5764838511111087e-05
1098.0196986746687	1.587912884080326e-05
1099.3825331332835	1.5993419170495427e-05
1100.745367591898	1.6107709500187578e-05
1102.1082020505125	1.6221999829879726e-05
1103.4710365091273	1.6336290159571897e-05
1104.8338709677419	1.6450580489264045e-05
1106.1967054263566	1.6564870818956217e-05
1107.5595398849712	1.6679161148648364e-05
1108.9223743435857	1.6793451478340515e-05
1110.2852088022007	1.6907741808032704e-05
1111.6480432608153	1.7022032137724855e-05
1113.0108777194298	1.7136322467417006e-05
1114.3737121780446	1.7250612797109174e-05
1115.736546636659	1.7364903126801325e-05
1117.0993810952739	1.7479193456493494e-05
1118.4622155538884	1.7593483786185645e-05
1119.825050012503	1.7707774115877792e-05
1121.1878844711177	1.7822064445569964e-05
1122.5507189297325	1.7936354775262132e-05
1123.913553388347	1.8050645104954283e-05
1125.2763878469618	1.816493543464645e-05
1126.6392223055764	1.8279225764338602e-05
1128.0020567641911	1.839351609403077e-05
1129.3648912228057	1.850780642372292e-05
1130.7277256814202	1.862209675341507e-05
1132.090560140035	1.873638708310724e-05
1133.4533945986495	1.8850677412799392e-05
1134.8162290572643	1.896496774249156e-05
1136.179063515879	1.9079258072183728e-05
1137.5418979744936	1.919354840187588e-05
1138.9047324331084	1.9307838731568047e-05
1140.267566891723	1.94221290612602e-05
1141.6304013503375	1.953641939095235e-05
1142.9932358089522	1.9650709720644518e-05
1144.3560702675668	1.976500005033667e-05
1145.7189047261816	1.9879290380028837e-05
1147.081739184796	1.9993580709720988e-05
1148.4445736434109	2.0107871039413156e-05
1149.8074081020256	2.0222161369105324e-05
1151.1702425606402	2.0336451698797476e-05
1152.5330770192547	2.0450742028489627e-05
1153.8959114778695	2.0565032358181795e-05
1155.258745936484	2.0679322687873946e-05
1156.6215803950988	2.0793613017566114e-05
1157.9844148537134	2.0907903347258265e-05
1159.347249312328	2.1022193676950416e-05
1160.710083770943	2.1136484006642605e-05
1162.0729182295574	2.1250774336334752e-05
1163.435752688172	2.1365064666026904e-05
1164.7985871467868	2.1479354995719072e-05
1166.1614216054013	2.1593645325411223e-05
1167.524256064016	2.170793565510339e-05
1168.8870905226306	2.1822225984795542e-05
1170.2499249812452	2.1936516314487693e-05
1171.61275943986	2.205080664417986e-05
1172.9755938984747	2.216509697387203e-05
1174.3384283570892	2.227938730356418e-05
1175.701262815704	2.239367763325635e-05
1177.0640972743186	2.25079679629485e-05
1178.4269317329333	2.2622258292640668e-05
1179.7897661915479	2.273654862233282e-05
1181.1526006501624	2.285083895202497e-05
1182.5154351087772	2.2965129281717138e-05
1183.8782695673917	2.307941961140929e-05
1185.2411040260065	2.3193709941101458e-05
1186.6039384846213	2.330800027079363e-05
1187.9667729432358	2.3422290600485777e-05
1189.3296074018506	2.3536580930177948e-05
1190.6924418604651	2.3650871259870096e-05
1192.0552763190797	2.3765161589562247e-05
1193.4181107776944	2.3879451919254415e-05
1194.780945236309	2.3993742248946566e-05
1196.1437796949238	2.4108032578638734e-05
1197.5066141535383	2.4222322908330886e-05
1198.869448612153	2.4336613238023054e-05
1200.2322830707678	2.4450903567715225e-05
1201.5951175293824	2.4565193897407376e-05
1202.957951987997	2.4679484227099524e-05
1204.3207864466117	2.4793774556791696e-05
1205.6836209052262	2.4908064886483843e-05
1207.046455363841	2.5022355216176015e-05
1208.4092898224555	2.5136645545868163e-05
1209.77212428107	2.5250935875560314e-05
1211.134958739685	2.5365226205252502e-05
1212.4977931982996	2.5479516534944653e-05
1213.8606276569142	2.55938068646368e-05
1215.223462115529	2.5708097194328973e-05
1216.5862965741435	2.582238752402112e-05
1217.9491310327583	2.5936677853713292e-05
1219.3119654913728	2.605096818340544e-05
1220.6747999499873	2.616525851309759e-05
1222.0376344086021	2.627954884278976e-05
1223.4004688672167	2.639383917248191e-05
1224.7633033258314	2.650812950217408e-05
1226.1261377844462	2.662241983186625e-05
1227.4889722430607	2.67367101615584e-05
1228.8518067016755	2.685100049125057e-05
1230.21464116029	2.696529082094272e-05
1231.5774756189048	2.7079581150634888e-05
1232.9403100775194	2.719387148032704e-05
1234.303144536134	2.7308161810019187e-05
1235.6659789947487	2.742245213971136e-05
1237.0288134533635	2.7536742469403526e-05
1238.391647911978	2.7651032799095678e-05
1239.7544823705928	2.7765323128787846e-05
1241.1173168292073	2.7879613458479997e-05
1242.480151287822	2.7993903788172165e-05
1243.8429857464366	2.8108194117864316e-05
1245.2058202050512	2.8222484447556467e-05
1246.568654663666	2.8336774777248635e-05
1247.9314891222805	2.8451065106940786e-05
1249.2943235808953	2.8565355436632955e-05
1250.65715803951	2.8679645766325123e-05
1252.0199924981246	2.8793936096017274e-05
1253.3828269567393	2.8908226425709442e-05
1254.7456614153539	2.9022516755401593e-05
1256.1084958739684	2.9136807085093744e-05
1257.4713303325832	2.9251097414785912e-05
1258.8341647911977	2.9365387744478063e-05
1260.1969992498125	2.947967807417023e-05
1261.559833708427	2.9593968403862383e-05
1262.9226681670418	2.970825873355455e-05
1264.2855026256566	2.982254906324672e-05
1265.6483370842711	2.993683939293887e-05
1267.0111715428857	3.005112972263102e-05
1268.3740060015004	3.0165420052323193e-05
1269.736840460115	3.0279710382015337e-05
1271.0996749187298	3.039400071170751e-05
1272.4625093773443	3.050829104139966e-05
1273.8253438359588	3.062258137109181e-05
1275.1881782945738	3.0736871700783996e-05
1276.5510127531884	3.085116203047615e-05
1277.913847211803	3.09654523601683e-05
1279.2766816704177	3.107974268986047e-05
1280.6395161290322	3.119403301955262e-05
1282.002350587647	3.1308323349244785e-05
1283.3651850462616	3.1422613678936937e-05
1284.728019504876	3.153690400862909e-05
1286.0908539634909	3.165119433832126e-05
1287.4536884221056	3.1765484668013424e-05
1288.8165228807202	3.1879774997705575e-05
1290.179357339335	3.1994065327397746e-05
1291.5421917979495	3.21083556570899e-05
1292.9050262565643	3.222264598678206e-05
1294.2678607151788	3.2336936316474213e-05
1295.6306951737934	3.2451226646166365e-05
1296.9935296324081	3.2565516975858536e-05
1298.3563640910227	3.267980730555068e-05
1299.7191985496374	3.279409763524285e-05
