100.42487496874219	1.3967776653450532e-255
101.78770942735684	1.3911035461946202e-255
103.1505438859715	1.3854294270441875e-255
104.51337834458614	1.3797553078937548e-255
105.8762128032008	1.3740811887433218e-255
107.23904726181546	1.3684070695928891e-255
108.60188172043011	1.3627329504424564e-255
109.96471617904477	1.3570588312920235e-255
111.3275506376594	1.351384712141591e-255
112.69038509627408	1.3457105929911578e-255
114.05321955488871	1.3400364738407253e-255
115.41605401350337	1.3343623546902926e-255
116.77888847211803	1.3286882355398596e-255
118.14172293073268	1.323014116389427e-255
119.50455738934734	1.317339997238994e-255
120.86739184796198	1.3116658780885613e-255
122.23022630657665	1.3059917589381286e-255
123.5930607651913	1.3003176397876956e-255
124.95589522380597	1.294643520637263e-255
126.31872968242061	1.2889694014868302e-255
127.68156414103527	1.2832952823363972e-255
129.04439859964992	1.2776211631859645e-255
130.40723305826455	1.2719470440355316e-255
131.77006751687924	1.2662729248850988e-255
133.13290197549387	1.2605988057346661e-255
134.49573643410855	1.2549246865842332e-255
135.85857089272318	1.2492505674338005e-255
137.22140535133784	1.2435764482833677e-255
138.5842398099525	1.2379023291329348e-255
139.94707426856712	1.2322282099825023e-255
141.3099087271818	1.2265540908320691e-255
142.67274318579643	1.2208799716816367e-255
144.03557764441112	1.2152058525312037e-255
145.39841210302575	1.209531733380771e-255
146.7612465616404	1.2038576142303383e-255
148.12408102025506	1.1981834950799053e-255
149.4869154788697	1.1925093759294728e-255
150.84974993748438	1.18683525677904e-255
152.212584396099	1.1811611376286072e-255
153.57541885471366	1.1754870184781745e-255
154.93825331332835	1.1698128993277415e-255
156.301087771943	1.1641387801773086e-255
157.66392223055766	1.1584646610268759e-255
159.02675668917232	1.152790541876443e-255
160.38959114778697	1.1471164227260102e-255
161.7524256064016	1.1414423035755777e-255
163.11526006501626	1.1357681844251448e-255
164.47809452363092	1.130094065274712e-255
165.84092898224557	1.1244199461242793e-255
167.20376344086023	1.1187458269738464e-255
168.56659789947489	1.1130717078234137e-255
169.92943235808954	1.1073975886729807e-255
171.29226681670417	1.101723469522548e-255
172.65510127531883	1.0960493503721153e-255
174.01793573393348	1.0903752312216823e-255
175.38077019254814	1.0847011120712496e-255
176.7436046511628	1.0790269929208167e-255
178.10643910977745	1.073352873770384e-255
179.4692735683921	1.0676787546199512e-255
180.83210802700674	1.0620046354695185e-255
182.1949424856214	1.0563305163190857e-255
183.55777694423605	1.0506563971686529e-255
184.9206114028507	1.04498227801822e-255
186.28344586146537	1.0393081588677873e-255
187.64628032008002	1.0336340397173545e-255
189.00911477869468	1.0279599205669216e-255
190.37194923730934	1.0222858014164888e-255
191.73478369592397	1.0166116822660562e-255
193.09761815453862	1.0109375631156234e-255
194.46045261315328	1.0052634439651906e-255
195.82328707176794	9.995893248147577e-256
197.1861215303826	9.939152056643249e-256
198.54895598899725	9.882410865138922e-256
199.9117904476119	9.825669673634593e-256
201.27462490622656	9.768928482130265e-256
202.63745936484122	9.712187290625937e-256
204.00029382345588	9.65544609912161e-256
205.36312828207053	9.598704907617281e-256
206.7259627406852	9.541963716112953e-256
208.08879719929985	9.485222524608625e-256
209.45163165791448	9.428481333104299e-256
210.8144661165291	9.371740141599972e-256
212.1773005751438	9.314998950095642e-256
213.54013503375847	9.258257758591313e-256
214.9029694923731	9.201516567086987e-256
216.26580395098773	9.14477537558266e-256
217.62863840960242	9.08803418407833e-256
218.9914728682171	9.031292992574e-256
220.35430732683173	8.974551801069674e-256
221.71714178544636	8.917810609565347e-256
223.079976244061	8.86106941806102e-256
224.44281070267567	8.804328226556691e-256
225.80564516129036	8.747587035052361e-256
227.16847961990499	8.690845843548035e-256
228.5313140785196	8.634104652043708e-256
229.89414853713424	8.577363460539381e-256
231.25698299574893	8.520622269035051e-256
232.6198174543636	8.463881077530723e-256
233.98265191297824	8.407139886026396e-256
235.34548637159287	8.350398694522069e-256
236.70832083020755	8.293657503017739e-256
238.07115528882224	8.236916311513411e-256
239.43398974743687	8.180175120009084e-256
240.7968242060515	8.123433928504757e-256
242.15965866466615	8.066692737000428e-256
243.5224931232808	8.009951545496101e-256
244.8853275818955	7.953210353991772e-256
246.24816204051012	7.896469162487445e-256
247.61099649912478	7.839727970983116e-256
248.9738309577394	7.782986779478789e-256
250.3366654163541	7.726245587974461e-256
251.69949987496875	7.669504396470132e-256
253.0623343335834	7.612763204965804e-256
254.42516879219804	7.556022013461477e-256
255.78800325081272	7.499280821957149e-256
257.1508377094273	7.442539630452823e-256
258.51367216804204	7.385798438948492e-256
259.87650662665664	7.329057247444166e-256
261.23934108527135	7.272316055939837e-256
262.60217554388595	7.21557486443551e-256
263.9650100025006	7.158833672931182e-256
265.32784446111526	7.102092481426854e-256
266.6906789197299	7.045351289922527e-256
268.0535133783446	6.988610098418198e-256
269.41634783695923	6.93186890691387e-256
270.7791822955739	6.875127715409542e-256
272.14201675418855	6.818386523905215e-256
273.5048512128032	6.761645332400886e-256
274.86768567141786	6.704904140896558e-256
276.2305201300325	6.64816294939223e-256
277.5933545886472	6.591421757887901e-256
278.95618904726183	6.534680566383574e-256
280.3190235058765	6.477939374879246e-256
281.68185796449114	6.421198183374918e-256
283.04469242310574	6.364456991870592e-256
284.40752688172046	6.307715800366262e-256
285.77036134033506	6.250974608861936e-256
287.13319579894977	6.194233417357605e-256
288.49603025756437	6.13749222585328e-256
289.8588647161791	6.08075103434895e-256
291.2216991747937	6.024009842844624e-256
292.58453363340834	5.967268651340296e-256
293.947368092023	5.910527459835967e-256
295.31020255063765	5.85378626833164e-256
296.6730370092523	5.797045076827312e-256
298.03587146786697	5.740303885322984e-256
299.3987059264816	5.683562693818655e-256
300.7615403850963	5.626821502314327e-256
302.1243748437109	5.570080310810002e-256
303.4872093023256	5.513339119305671e-256
304.8500437609402	5.456597927801345e-256
306.2128782195549	5.399856736297015e-256
307.57571267816957	5.343115544792688e-256
308.9385471367842	5.286374353288359e-256
310.3013815953989	5.2296331617840304e-256
311.6642160540135	5.172891970279705e-256
313.0270505126282	5.1161507787753743e-256
314.3898849712428	5.059409587271049e-256
315.7527194298575	5.002668395766718e-256
317.1155538884721	4.945927204262393e-256
318.4783883470868	4.889186012758062e-256
319.8412228057014	4.832444821253737e-256
321.20405726431613	4.775703629749406e-256
322.56689172293073	4.718962438245081e-256
323.9297261815454	4.6622212467407525e-256
325.29256064016005	4.605480055236425e-256
326.6553950987747	4.5487388637320964e-256
328.01822955738936	4.491997672227768e-256
329.381064016004	4.4352564807234404e-256
330.7438984746187	4.378515289219112e-256
332.10673293323333	4.321774097714784e-256
333.46956739184793	4.2650329062104583e-256
334.83240185046265	4.208291714706128e-256
336.19523630907725	4.151550523201802e-256
337.55807076769196	4.094809331697472e-256
338.92090522630656	4.038068140193146e-256
340.2837396849213	3.981326948688816e-256
341.6465741435359	3.92458575718449e-256
343.00940860215053	3.8678445656801624e-256
344.3722430607652	3.811103374175834e-256
345.73507751937984	3.7543621826715064e-256
347.0979119779945	3.697620991167178e-256
348.46074643660916	3.6408797996628503e-256
349.8235808952238	3.584138608158522e-256
351.18641535383847	3.527397416654194e-256
352.5492498124531	3.470656225149866e-256
353.9120842710678	3.4139150336455376e-256
355.27491872968244	3.35717384214121e-256
356.6377531882971	3.3004326506368815e-256
358.00058764691175	3.243691459132554e-256
359.3634221055264	3.1869502676282255e-256
360.72625656414107	3.130209076123898e-256
362.08909102275567	3.073467884619572e-256
363.4519254813704	3.0167266931152417e-256
364.814759939985	2.959985501610916e-256
366.1775943985997	2.9032443101065856e-256
367.5404288572143	2.8465031186022597e-256
368.903263315829	2.7897619270979296e-256
370.2660977744436	2.7330207355936036e-256
371.62893223305826	2.676279544089276e-256
372.9917666916729	2.6195383525849475e-256
374.3546011502876	2.5627971610806195e-256
375.71743560890224	2.5060559695762915e-256
377.0802700675169	2.4493147780719634e-256
378.44310452613155	2.3925735865676354e-256
379.8059389847462	2.3358323950633074e-256
381.1687734433608	2.2790912035589817e-256
382.5316079019755	2.2223500120546513e-256
383.8944423605901	2.1656088205503257e-256
385.25727681920483	2.1088676290459953e-256
386.62011127781943	2.0521264375416696e-256
387.98294573643415	1.9953852460373392e-256
389.34578019504875	1.9386440545330135e-256
390.7086146536634	1.8819028630286852e-256
392.07144911227806	1.8251616715243572e-256
393.4342835708927	1.7684204800200292e-256
394.7971180295074	1.711679288515701e-256
396.15995248812203	1.654938097011373e-256
397.5227869467367	1.598196905507045e-256
398.88562140535134	1.541455714002717e-256
400.248455863966	1.484714522498389e-256
401.61129032258066	1.427973330994061e-256
402.9741247811953	1.371232139489733e-256
404.33695923980997	1.314490947985405e-256
405.6997936984246	1.257749756481077e-256
407.0626281570393	1.201008564976749e-256
408.42546261565394	1.144267373472421e-256
409.7882970742685	1.0875261819680977e-256
411.15113153288326	1.0307849904637648e-256
412.51396599149786	9.740437989594391e-257
413.87680045011257	9.173026074551087e-257
415.2396349087272	8.605614159507807e-257
416.6024693673419	8.038202244464527e-257
417.9653038259565	7.47079032942127e-257
419.32813828457114	6.90337841437799e-257
420.69097274318574	6.3359664993347314e-257
422.0538072018004	5.768554584291451e-257
423.4166416604151	5.201142669248147e-257
424.77947611902977	4.633730754204867e-257
426.1423105776445	4.066318839161563e-257
427.50514503625914	3.498906924118282e-257
428.86797949487374	2.9314950090750256e-257
430.2308139534884	2.3640830940317453e-257
431.593648412103	1.7966711789884883e-257
432.95648287071765	1.2292592639452078e-257
434.3193173293323	6.618473489019274e-258
435.682151787947	9.44354338586233e-259
437.0449862465616	4.729764811846335e-258
438.4078207051763	1.040388396227914e-257
439.770655163791	1.0504931904238312e-255
441.13348962240565	6.201619884275143e-253
442.49632408102025	1.9428082802438604e-252
443.8591585396349	3.2555633233471524e-249
445.22199299824956	1.2612601321875083e-246
446.58482745686416	2.7932170515935617e-245
447.9476619154788	5.4603080899684834e-245
449.31049637409353	1.6940505697287035e-239
450.6733308327082	3.42734271024322e-239
452.0361652913229	5.160634850757809e-239
453.3989997499375	1.4842738137023677e-234
454.76183420855216	3.412992042419472e-234
456.1246686671668	1.3590075952535942e-231
457.4875031257814	1.76375133334881e-230
458.8503375843961	9.522766516060662e-228
460.2131720430108	1.2435719815008203e-224
461.57600650162544	2.486191686349983e-224
462.93884096024004	3.728811391199093e-224
464.3016754188547	1.7473405799106348e-220
465.6645098774694	4.4746981152543695e-220
467.02734433608407	4.715275536454755e-218
468.39017879469867	1.9933315898175133e-217
469.7530132533133	1.7270540996444443e-215
471.1158477119279	8.551192783876938e-214
472.4786821705427	4.3617120587781635e-212
473.8415166291573	1.6867113023562067e-210
475.20435108777195	2.4209668684815808e-206
476.56718554638655	4.975211658902442e-206
477.9300200050012	1.5606321256577115e-202
479.2928544636159	6.601025422563285e-202
480.6556889222306	1.1641418719468647e-201
482.0185233808452	4.6115686820195087e-200
483.38135783945984	2.2669925083813062e-197
484.74419229807455	9.054828847153281e-197
486.1070267566892	1.2065991854421863e-194
487.4698612153038	4.677405259031882e-193
488.83269567391847	2.1477001152898043e-191
490.1955301325331	6.31332380577167e-190
491.55836459114784	4.145238559396097e-188
492.92119904976244	4.512579600892448e-186
494.2840335083771	1.7316076269404289e-183
495.64686796699175	6.82066522488537e-183
497.00970242560635	7.612228391796412e-179
498.37253688422106	2.3364816764491857e-178
499.7353713428357	3.911740513718665e-178
501.0982058014504	1.5514685613966689e-176
502.461040260065	2.5624638511401686e-175
503.8238747186797	2.077780176934668e-173
505.18670917729435	2.6061947772316016e-172
506.549543635909	1.858490888371881e-170
507.9123780945236	1.1975446585475468e-167
509.27521255313826	3.372947674816545e-167
510.638047011753	5.170875186170853e-164
512.0008814703676	1.3403872459030226e-163
513.3637159289823	1.7314139376935593e-162
514.7265503875968	4.35874498437079e-161
516.0893848462115	7.97319325127907e-160
517.4522193048263	4.639041557546823e-158
518.8150537634409	8.532815421784072e-157
520.1778882220555	1.7757659677688524e-155
521.5407226806701	9.890548870655069e-154
522.9035571392849	2.408002585279883e-152
524.2663915978995	1.4357420592135084e-150
525.6292260565141	3.7739517272104372e-149
526.9920605151287	1.2296693812261533e-147
528.3548949737434	5.426991500905402e-146
529.7177294323582	2.0605641271226606e-144
531.0805638909727	3.6689780042808778e-143
532.4433983495874	4.248731894395662e-141
533.806232808202	8.460774008748515e-141
535.1690672668167	5.894013538272751e-138
536.5319017254313	1.2270408306775974e-137
537.894736184046	4.9773099568811705e-134
539.2575706426607	1.2675288434612039e-133
540.6204051012753	2.0373266912342906e-133
541.98323955989	1.0383549619494733e-129
543.3460740185046	2.681835839546861e-129
544.7089084771193	4.3253167171442484e-129
546.0717429357339	1.4277483909415635e-125
547.4345773943486	4.5349291508320296e-125
548.7974118529633	7.642109910722497e-125
550.1602463115779	1.4266172091534591e-121
551.5230807701926	6.37519841796511e-121
552.8859152288072	1.132377962677676e-120
554.2487496874218	7.8246180757662665e-118
555.6115841460365	7.427529943036815e-117
556.9744186046512	1.4072598078496448e-116
558.3372530632658	2.0717666213956082e-116
559.7000875218804	7.124435010078064e-113
561.0629219804952	1.4642529740653755e-112
562.4257564391098	2.216062447122882e-112
563.7885908977245	5.5598578630451465e-109
565.151425356339	1.2703566963155072e-108
566.5142598149537	1.9847276063265592e-108
567.8770942735684	3.485648334972986e-105
569.2399287321831	9.190926839254573e-105
570.6027631907976	1.4896205343535687e-104
571.9655976494123	9.099248059331065e-103
573.328432108027	2.9148850972539984e-102
574.6912665666417	2.3352436613568324e-100
576.0541010252563	6.70870813693535e-100
577.4169354838709	3.235175504800847e-98
578.7797699424856	8.767519649656278e-98
580.1426044011004	8.201603228111579e-96
581.5054388597149	1.7838227476781043e-95
582.8682733183296	9.915926679490315e-94
584.2311077769442	5.722836140946449e-92
585.5939422355589	4.1057277485654405e-91
586.9567766941735	7.639171883036236e-91
588.3196111527882	8.113346977537894e-88
589.6824456114028	1.7523376668743554e-87
591.0452800700175	2.6933406359949216e-87
592.4081145286322	4.667239693451264e-85
593.7709489872468	1.1368528287102648e-84
595.1337834458615	5.237826083650365e-84
596.4966179044761	1.664823642878286e-82
597.8594523630908	7.687361129701892e-82
599.2222868217054	2.0915482207281492e-80
600.5851212803201	1.4008794045833834e-79
601.9479557389348	1.6209134115675424e-78
603.3107901975494	3.460231387875894e-77
604.673624656164	1.0338557376539655e-76
606.0364591147787	1.9553697715956355e-75
607.3992935733934	1.0362776101685919e-73
608.762128032008	3.0670847205790646e-73
610.1249624906226	4.3351927448431626e-72
611.4877969492373	1.4330335745993545e-71
612.850631407852	5.996203163361213e-69
614.2134658664667	1.3136733249969655e-68
615.5763003250813	2.02772633365781e-68
616.9391347836959	5.687017639718247e-66
618.3019692423106	1.424444445821193e-65
619.6648037009253	2.28018712767049e-65
621.02763815954	4.228518032885683e-63
622.3904726181545	1.2855479293408832e-62
623.7533070767691	2.1482440553932704e-62
625.1161415353839	2.32279545742674e-60
626.4789759939986	9.640709308207642e-60
627.8418104526131	1.6958623158987934e-59
629.2046449112278	7.18025677609268e-58
630.5674793698425	5.619303945012294e-57
631.9303138284572	1.052058221241491e-56
633.2931482870717	4.080613679821537e-56
634.6559827456864	3.160037975968778e-54
636.0188172043011	6.27926981513934e-54
637.3816516629158	9.398501654310163e-54
638.7444861215304	1.293939543062586e-51
640.107320580145	2.900130450047538e-51
641.4701550387597	4.506321357032489e-51
642.8329894973743	4.384631534654424e-49
644.195823955989	1.1279464075191575e-48
645.5586584146037	1.8174296615728726e-48
646.9214928732183	1.1680802623291818e-46
648.284327331833	3.6695144004373265e-46
649.6471617904476	6.170948538545471e-46
651.0099962490623	2.2736742136991127e-44
652.3728307076769	9.917502267472361e-44
653.7356651662916	1.7561330321245611e-43
655.0984996249063	2.5645360686290284e-42
656.4613340835209	2.231197954211807e-41
657.8241685421356	4.2059423015607114e-41
659.1870030007502	6.180686648909615e-41
660.5498374593649	3.521006469509396e-39
661.9126719179794	7.17372345060748e-39
663.2755063765942	1.0826440431706171e-38
664.6383408352089	6.975511888130076e-37
666.0011752938235	1.4624682440347799e-36
667.364009752438	2.227385299256488e-36
668.7268442110528	7.71320845341674e-35
670.0896786696675	2.004252941130564e-34
671.4525131282821	3.2371850369194534e-34
672.8153475868967	7.419229131499234e-33
674.1781820455113	2.358873520292384e-32
675.5410165041261	3.975824127434979e-32
676.9038509627408	5.241242843745426e-31
678.2666854213553	2.3136459191388265e-30
679.62951987997	4.10316755390326e-30
680.9923543385846	2.1354796453888116e-29
682.3551887971994	1.8817174566558777e-28
683.7180232558139	3.549886948772596e-28
685.0808577144286	5.218056440889453e-28
686.4436921730432	1.2685824904828978e-26
687.806526631658	2.581966079895757e-26
689.1693610902726	3.895349669308397e-26
690.5321955488872	7.024300679601457e-25
691.8950300075019	1.576123180449993e-24
693.2578644661165	2.4498162929398407e-24
694.6206989247312	3.153030716875745e-23
695.9835333833458	8.058113972035241e-23
697.3463678419605	1.2963197227194736e-22
698.7092023005752	1.1234338723688905e-21
700.0720367591898	3.446757535415482e-21
701.4348712178045	5.770081198462073e-21
702.7977056764191	3.029823984808016e-20
704.1605401350338	1.2306814098617404e-19
705.5233745936484	2.1583804212426792e-19
706.8862090522631	5.408294545183326e-19
708.2490435108778	3.665245672353571e-18
709.6118779694924	6.7896618901888104e-18
710.9747124281071	9.914078108024049e-18
712.3375468867216	9.081361572918569e-17
713.7003813453364	1.7961423672601206e-16
715.063215803951	2.6841485772283094e-16
716.4260502625657	1.8643615566883346e-15
717.7888847211802	3.993865638992093e-15
719.1517191797949	6.123369721296029e-15
720.5145536384097	3.153911560000538e-14
721.8773880970243	7.459556708593457e-14
723.2402225556389	1.1765201857186018e-13
724.6030570142535	4.367853291362269e-13
725.9658914728683	1.1704939154267254e-12
727.328725931483	1.904202501717163e-12
728.6915603900975	4.9013961528049584e-12
730.0543948487121	1.5440932500679483e-11
731.4172293073268	2.5980468848554002e-11
732.7800637659416	4.370833255327282e-11
734.1428982245561	1.7127177547031746e-10
735.5057326831708	2.9883521838737276e-10
736.8685671417854	4.2639866130442807e-10
738.2314016004001	1.5993160249616002e-09
739.5942360590147	2.8988821160019666e-09
740.9570705176294	4.198448207042332e-09
742.3199049762441	1.2608572380753516e-08
743.6827394348587	2.3740184584196002e-08
745.0455738934734	3.487179678763849e-08
746.408408352088	8.439434657629233e-08
747.7712428107027	1.6455730843548242e-07
749.1340772693173	2.447202702946725e-07
750.496911727932	4.824290793503922e-07
751.8597461865467	9.676050494887756e-07
753.2225806451613	1.4527810196271592e-06
754.585415103776	2.3752053136396054e-06
755.9482495623906	4.839577124071064e-06
757.3110840210053	7.303948934502522e-06
758.6739184796199	1.0188711297665238e-05
760.0367529382346	2.0670139413127842e-05
761.3995873968493	3.115156752859045e-05
762.7624218554638	4.163299564405218e-05
764.1252563140786	7.576865122292992e-05
765.4880907726932	0.00011298949032326039
766.8509252313079	0.00015021032942359085
768.2137596899224	0.00022936423766483824
769.5765941485371	0.00032490836821416093
770.9394286071519	0.00044966598858576894
772.3022630657665	0.000629475016308815
773.665097524381	0.0008528131368361811
775.0279319829957	0.0011624109180728222
776.3907664416105	0.0015370537821396452
777.7536009002251	0.00199413881946448
779.1164353588397	0.0025773782539159967
780.4792698174543	0.0032506774642182793
781.842104276069	0.0040422511464794034
783.2049387346838	0.004936646400028051
784.5677731932983	0.005937598351699798
785.930607651913	0.007024663954689526
787.2934421105276	0.008174179871398434
788.6562765691423	0.009348128342594951
790.0191110277569	0.010515266795905852
791.3819454863716	0.011626806463043107
792.7447799449862	0.012647147457264358
794.1076144036009	0.013525653285642938
795.4704488622156	0.014225164421496586
796.8332833208302	0.014711151551271649
798.1961177794449	0.014903732728394634
799.5589522380595	0.014882332992435528
800.9217866966742	0.01470007138449097
802.2846211552888	0.014215457639488482
803.6474556139035	0.013508436139793143
805.0102900725182	0.012628483780857106
806.3731245311328	0.011606891305102982
807.7359589897474	0.010489419286681569
809.0987934483621	0.009321022163355694
810.4616279069768	0.008146323609798015
811.8244623655914	0.006997672246177892
813.187296824206	0.005926349785582626
814.5501312828208	0.004922161145429565
815.9129657414354	0.004095717035924127
817.2758002000501	0.0033554895103338842
818.6386346586646	0.002615261984743703
820.0014691172794	0.00202141737932297
821.364303575894	0.0015671562580715941
822.7271380345087	0.0011446362786647992
824.0899724931232	0.0008680171268431742
825.4528069517379	0.0006122555631830093
826.8156414103526	0.000436523007472331
828.1784758689672	0.00030541075556578907
829.541310327582	0.00021352072905028737
830.9041447861964	0.0001427036883618505
832.2669792448113	9.540761436111376e-05
833.629813703426	6.253491978284294e-05
834.9926481620405	4.03071329174366e-05
836.3554826206552	2.5568279659204702e-05
837.7183170792698	1.595362414121623e-05
839.0811515378845	9.833948398549993e-06
840.4439859964991	5.901747209338857e-06
841.8068204551139	3.5211880508891486e-06
843.1696549137283	2.0511536739443112e-06
844.5324893723432	1.1735838779854347e-06
845.8953238309576	6.654808144337602e-07
847.2581582895724	4.103886031643553e-07
848.6209927481871	2.068852457428619e-07
849.9838272068017	1.074499039218927e-07
851.3466616654164	5.7210569681358524e-08
852.7094961240309	2.92617220477751e-08
854.0723305826458	1.4906496184858142e-08
855.4351650412602	7.484460036186125e-09
856.797999499875	3.726906589946872e-09
858.1608339584895	1.8006187965026659e-09
859.5236684171043	8.601693329844187e-10
860.886502875719	4.0720471539484646e-10
862.2493373343336	1.8933509856278188e-10
863.6121717929482	8.456444052441606e-11
864.9750062515628	3.7929460850748943e-11
866.3378407101777	1.6710444724853334e-11
867.7006751687921	7.35390821622267e-12
869.0635096274069	3.0341985755748236e-12
870.4263440860216	1.3024349321658997e-12
871.7891785446362	5.37167590701042e-13
873.1520130032509	2.0762808873021445e-13
874.5148474618654	8.074823994249059e-14
875.8776819204801	3.30483109429343e-14
877.2405163790947	1.296051492116599e-14
878.6033508377094	4.674538066484862e-15
879.966185296324	1.6683945468090577e-15
881.3290197549388	8.279768856535293e-16
882.6918542135535	2.62439314074768e-16
884.0546886721681	9.383926665716281e-17
885.4175231307827	4.426882927652149e-17
886.7803575893973	2.130429875782407e-17
888.143192048012	3.559599464450131e-18
889.5060265066267	2.0144714397939015e-18
890.8688609652413	4.69343415137672e-19
892.2316954238559	1.9096085924878548e-19
893.5945298824705	9.148311652922853e-20
894.9573643410854	1.1725153433044898e-20
896.3201987996999	7.944076296382979e-21
897.6830332583146	4.1629991597207444e-21
899.0458677169293	3.8192202305851025e-22
900.4087021755439	1.7275830961347103e-22
901.7715366341586	9.658184309785685e-23
903.1343710927731	2.0405376582249013e-23
904.4972055513878	3.347448021590964e-24
905.8600400100024	1.9709387848991484e-24
907.2228744686172	5.944295482072173e-25
908.5857089272318	7.820796884845995e-25
909.9485433858465	2.1585889251764156e-24
911.3113778444612	3.535098161868232e-24
912.6742123030758	4.911607398560048e-24
914.0370467616904	6.288116635251749e-24
915.399881220305	7.664625871943565e-24
916.7627156789197	9.041135108635382e-24
918.1255501375343	1.04176443453272e-23
919.4883845961491	1.1794153582019129e-23
920.8512190547638	1.3170662818710947e-23
922.2140535133784	1.4547172055402764e-23
923.5768879719931	1.592368129209458e-23
924.9397224306076	1.7300190528786282e-23
926.3025568892223	1.8676699765478097e-23
927.6653913478369	2.0053209002169914e-23
929.0282258064516	2.142971823886173e-23
930.3910602650662	2.2806227475553543e-23
931.753894723681	2.418273671224548e-23
933.1167291822957	2.5559245948937296e-23
934.4795636409103	2.6935755185629105e-23
935.8423980995249	2.831226442232081e-23
937.2052325581395	2.968877365901262e-23
938.5680670167542	3.106528289570444e-23
939.9309014753688	3.244179213239626e-23
941.2937359339835	3.3818301369088075e-23
942.656570392598	3.5194810605779775e-23
944.0194048512127	3.657131984247159e-23
945.3822393098276	3.794782907916364e-23
946.7450737684421	3.932433831585534e-23
948.1079082270568	4.070084755254716e-23
949.4707426856714	4.2077356789238975e-23
950.8335771442861	4.3453866025930787e-23
952.1964116029008	4.4830375262622604e-23
953.5592460615153	4.6206884499314304e-23
954.92208052013	4.758339373600612e-23
956.2849149787446	4.8959902972697933e-23
957.6477494373594	5.0336412209389874e-23
959.010583895974	5.1712921446081686e-23
960.3734183545887	5.30894306827735e-23
961.7362528132034	5.446593991946532e-23
963.099087271818	5.584244915615713e-23
964.4619217304326	5.721895839284884e-23
965.8247561890472	5.859546762954065e-23
967.1875906476619	5.997197686623247e-23
968.5504251062765	6.134848610292429e-23
969.9132595648913	6.272499533961621e-23
971.276094023506	6.410150457630804e-23
972.6389284821206	6.547801381299985e-23
974.0017629407353	6.685452304969166e-23
975.3645973993498	6.823103228638337e-23
976.7274318579645	6.960754152307518e-23
978.0902663165791	7.0984050759767e-23
979.4531007751938	7.236055999645881e-23
980.8159352338084	7.373706923315064e-23
982.178769692423	7.511357846984233e-23
983.5416041510379	7.649008770653438e-23
984.9044386096525	7.786659694322619e-23
986.2672730682671	7.92431061799179e-23
987.6301075268817	8.061961541660972e-23
988.9929419854964	8.199612465330153e-23
990.355776444111	8.337263388999334e-23
991.7186109027257	8.474914312668517e-23
993.0814453613402	8.612565236337686e-23
994.4442798199549	8.750216160006868e-23
995.8071142785698	8.887867083676073e-23
997.1699487371843	9.025518007345243e-23
998.532783195799	9.163168931014425e-23
999.8956176544136	9.300819854683606e-23
1001.2584521130283	9.438470778352787e-23
1002.6212865716429	9.57612170202197e-23
1003.9841210302575	9.713772625691139e-23
1005.3469554888721	9.851423549360321e-23
1006.7097899474868	9.989074473029503e-23
1008.0726244061016	1.0126725396698695e-22
1009.4354588647162	1.0264376320367877e-22
1010.7982933233309	1.040202724403706e-22
1012.1611277819455	1.0539678167706241e-22
1013.5239622405602	1.0677329091375424e-22
1014.8867966991747	1.0814980015044593e-22
1016.2496311577894	1.0952630938713774e-22
1017.612465616404	1.1090281862382958e-22
1018.9753000750187	1.122793278605214e-22
1020.3381345336334	1.136558370972132e-22
1021.7009689922481	1.1503234633390513e-22
1023.0638034508628	1.1640885557059694e-22
1024.4266379094774	1.1778536480728878e-22
1025.789472368092	1.1916187404398047e-22
1027.1523068267068	1.205383832806724e-22
1028.5151412853213	1.219148925173641e-22
1029.8779757439358	1.2329140175405581e-22
1031.2408102025506	1.2466791099074774e-22
1032.6036446611652	1.2604442022743944e-22
1033.96647911978	1.2742092946413136e-22
1035.3293135783947	1.287974387008233e-22
1036.6921480370092	1.30173947937515e-22
1038.054982495624	1.3155045717420694e-22
1039.4178169542386	1.3292696641089864e-22
1040.780651412853	1.3430347564759033e-22
1042.1434858714679	1.3567998488428226e-22
1043.5063203300824	1.3705649412097398e-22
1044.8691547886972	1.384330033576659e-22
1046.231989247312	1.3980951259435783e-22
1047.5948237059265	1.4118602183104953e-22
1048.9576581645413	1.4256253106774146e-22
1050.3204926231558	1.4393904030443315e-22
1051.6833270817704	1.4531554954112487e-22
1053.0461615403851	1.466920587778168e-22
1054.4089959989997	1.480685680145085e-22
1055.7718304576144	1.4944507725120042e-22
1057.134664916229	1.5082158648789214e-22
1058.4974993748435	1.5219809572458383e-22
1059.8603338334585	1.53574604961276e-22
1061.223168292073	1.549511141979677e-22
1062.5860027506876	1.5632762343465939e-22
1063.9488372093024	1.5770413267135132e-22
1065.311671667917	1.5908064190804303e-22
1066.6745061265317	1.6045715114473496e-22
1068.0373405851462	1.6183366038142666e-22
1069.4001750437608	1.6321016961811835e-22
1070.7630095023756	1.6458667885481028e-22
1072.1258439609903	1.6596318809150223e-22
1073.4886784196049	1.6733969732819393e-22
1074.8515128782196	1.6871620656488586e-22
1076.2143473368342	1.7009271580157755e-22
1077.577181795449	1.7146922503826948e-22
1078.9400162540635	1.728457342749612e-22
1080.302850712678	1.742222435116529e-22
1081.6656851712928	1.7559875274834482e-22
1083.0285196299074	1.7697526198503652e-22
1084.3913540885221	1.7835177122172844e-22
1085.754188547137	1.797282804584204e-22
1087.1170230057514	1.811047896951121e-22
1088.4798574643662	1.8248129893180402e-22
1089.8426919229807	1.8385780816849572e-22
1091.2055263815953	1.8523431740518743e-22
1092.56836084021	1.8661082664187936e-22
1093.9311952988246	1.8798733587857106e-22
1095.2940297574394	1.8936384511526299e-22
1096.656864216054	1.9074035435195468e-22
1098.0196986746687	1.921168635886466e-22
1099.3825331332835	1.9349337282533854e-22
1100.745367591898	1.9486988206203026e-22
1102.1082020505125	1.9624639129872195e-22
1103.4710365091273	1.9762290053541388e-22
1104.8338709677419	1.989994097721056e-22
1106.1967054263566	2.0037591900879753e-22
1107.5595398849712	2.0175242824548922e-22
1108.9223743435857	2.0312893748218091e-22
1110.2852088022007	2.0450544671887308e-22
1111.6480432608153	2.0588195595556477e-22
1113.0108777194298	2.072584651922565e-22
1114.3737121780446	2.0863497442894842e-22
1115.736546636659	2.1001148366564011e-22
1117.0993810952739	2.1138799290233204e-22
1118.4622155538884	2.127645021390237e-22
1119.825050012503	2.141410113757154e-22
1121.1878844711177	2.1551752061240734e-22
1122.5507189297325	2.1689402984909927e-22
1123.913553388347	2.18270539085791e-22
1125.2763878469618	2.1964704832248294e-22
1126.6392223055764	2.2102355755917463e-22
1128.0020567641911	2.2240006679586656e-22
1129.3648912228057	2.2377657603255825e-22
1130.7277256814202	2.2515308526924995e-22
1132.090560140035	2.265295945059419e-22
1133.4533945986495	2.2790610374263357e-22
1134.8162290572643	2.292826129793255e-22
1136.179063515879	2.3065912221601743e-22
1137.5418979744936	2.3203563145270917e-22
1138.9047324331084	2.334121406894011e-22
1140.267566891723	2.347886499260928e-22
1141.6304013503375	2.361651591627845e-22
1142.9932358089522	2.375416683994764e-22
1144.3560702675668	2.389181776361681e-22
1145.7189047261816	2.4029468687286004e-22
1147.081739184796	2.4167119610955174e-22
1148.4445736434109	2.4304770534624367e-22
1149.8074081020256	2.444242145829356e-22
1151.1702425606402	2.4580072381962734e-22
1152.5330770192547	2.4717723305631903e-22
1153.8959114778695	2.4855374229301096e-22
1155.258745936484	2.4993025152970265e-22
1156.6215803950988	2.513067607663946e-22
1157.9844148537134	2.526832700030863e-22
1159.347249312328	2.5405977923977797e-22
1160.710083770943	2.5543628847647014e-22
1162.0729182295574	2.5681279771316183e-22
1163.435752688172	2.5818930694985357e-22
1164.7985871467868	2.595658161865455e-22
1166.1614216054013	2.609423254232372e-22
1167.524256064016	2.623188346599291e-22
1168.8870905226306	2.636953438966208e-22
1170.2499249812452	2.650718531333125e-22
1171.61275943986	2.6644836237000444e-22
1172.9755938984747	2.6782487160669637e-22
1174.3384283570892	2.6920138084338806e-22
1175.701262815704	2.7057789008008e-22
1177.0640972743186	2.7195439931677173e-22
1178.4269317329333	2.7333090855346366e-22
1179.7897661915479	2.7470741779015536e-22
1181.1526006501624	2.7608392702684705e-22
1182.5154351087772	2.77460436263539e-22
1183.8782695673917	2.7883694550023068e-22
1185.2411040260065	2.802134547369226e-22
1186.6039384846213	2.8158996397361453e-22
1187.9667729432358	2.8296647321030623e-22
1189.3296074018506	2.8434298244699816e-22
1190.6924418604651	2.857194916836899e-22
1192.0552763190797	2.870960009203816e-22
1193.4181107776944	2.884725101570735e-22
1194.780945236309	2.898490193937652e-22
1196.1437796949238	2.9122552863045715e-22
1197.5066141535383	2.9260203786714884e-22
1198.869448612153	2.9397854710384077e-22
1200.2322830707678	2.953550563405327e-22
1201.5951175293824	2.967315655772244e-22
1202.957951987997	2.981080748139161e-22
1204.3207864466117	2.99484584050608e-22
1205.6836209052262	3.0086109328729976e-22
1207.046455363841	3.022376025239917e-22
1208.4092898224555	3.036141117606834e-22
1209.77212428107	3.0499062099737507e-22
1211.134958739685	3.0636713023406724e-22
1212.4977931982996	3.0774363947075893e-22
1213.8606276569142	3.0912014870745063e-22
1215.223462115529	3.1049665794414256e-22
1216.5862965741435	3.1187316718083425e-22
1217.9491310327583	3.132496764175262e-22
1219.3119654913728	3.146261856542179e-22
1220.6747999499873	3.160026948909096e-22
1222.0376344086021	3.1737920412760154e-22
1223.4004688672167	3.1875571336429324e-22
1224.7633033258314	3.2013222260098517e-22
1226.1261377844462	3.215087318376771e-22
1227.4889722430607	3.228852410743688e-22
1228.8518067016755	3.242617503110607e-22
1230.21464116029	3.256382595477524e-22
1231.5774756189048	3.2701476878444434e-22
1232.9403100775194	3.283912780211361e-22
1234.303144536134	3.297677872578278e-22
1235.6659789947487	3.311442964945197e-22
1237.0288134533635	3.3252080573121164e-22
1238.391647911978	3.3389731496790333e-22
1239.7544823705928	3.3527382420459526e-22
1241.1173168292073	3.3665033344128696e-22
1242.480151287822	3.380268426779789e-22
1243.8429857464366	3.394033519146706e-22
1245.2058202050512	3.407798611513623e-22
1246.568654663666	3.4215637038805425e-22
1247.9314891222805	3.4353287962474594e-22
1249.2943235808953	3.4490938886143787e-22
1250.65715803951	3.462858980981298e-22
1252.0199924981246	3.476624073348215e-22
1253.3828269567393	3.4903891657151343e-22
1254.7456614153539	3.504154258082051e-22
1256.1084958739684	3.517919350448968e-22
1257.4713303325832	3.5316844428158874e-22
1258.8341647911977	3.545449535182805e-22
1260.1969992498125	3.559214627549724e-22
1261.559833708427	3.572979719916641e-22
1262.9226681670418	3.5867448122835604e-22
1264.2855026256566	3.6005099046504797e-22
1265.6483370842711	3.6142749970173966e-22
1267.0111715428857	3.6280400893843135e-22
1268.3740060015004	3.641805181751233e-22
1269.736840460115	3.65557027411815e-22
1271.0996749187298	3.669335366485069e-22
1272.4625093773443	3.6831004588519865e-22
1273.8253438359588	3.6968655512189034e-22
1275.1881782945738	3.710630643585825e-22
1276.5510127531884	3.724395735952742e-22
1277.913847211803	3.738160828319659e-22
1279.2766816704177	3.7519259206865782e-22
1280.6395161290322	3.765691013053495e-22
1282.002350587647	3.7794561054204145e-22
1283.3651850462616	3.7932211977873314e-22
1284.728019504876	3.8069862901542484e-22
1286.0908539634909	3.820751382521168e-22
1287.4536884221056	3.8345164748880874e-22
1288.8165228807202	3.8482815672550044e-22
1290.179357339335	3.8620466596219236e-22
1291.5421917979495	3.8758117519888406e-22
1292.9050262565643	3.88957684435576e-22
1294.2678607151788	3.903341936722677e-22
1295.6306951737934	3.9171070290895938e-22
1296.9935296324081	3.930872121456513e-22
1298.3563640910227	3.94463721382343e-22
1299.7191985496374	3.9584023061903493e-22
