100.42487496874219	3.234046929400189e-185
101.78770942735684	3.219380609175639e-185
103.1505438859715	3.204714288951089e-185
104.51337834458614	3.1900479687265395e-185
105.8762128032008	3.1753816485019897e-185
107.23904726181546	3.16071532827744e-185
108.60188172043011	3.14604900805289e-185
109.96471617904477	3.13138268782834e-185
111.3275506376594	3.116716367603791e-185
112.69038509627408	3.102050047379241e-185
114.05321955488871	3.0873837271546916e-185
115.41605401350337	3.072717406930142e-185
116.77888847211803	3.058051086705592e-185
118.14172293073268	3.043384766481042e-185
119.50455738934734	3.0287184462564924e-185
120.86739184796198	3.0140521260319427e-185
122.23022630657665	2.999385805807393e-185
123.5930607651913	2.9847194855828424e-185
124.95589522380597	2.9700531653582926e-185
126.31872968242061	2.955386845133743e-185
127.68156414103527	2.9407205249091927e-185
129.04439859964992	2.9260542046846433e-185
130.40723305826455	2.911387884460094e-185
131.77006751687924	2.8967215642355437e-185
133.13290197549387	2.8820552440109942e-185
134.49573643410855	2.867388923786444e-185
135.85857089272318	2.8527226035618947e-185
137.22140535133784	2.838056283337345e-185
138.5842398099525	2.823389963112795e-185
139.94707426856712	2.8087236428882453e-185
141.3099087271818	2.7940573226636955e-185
142.67274318579643	2.7793910024391457e-185
144.03557764441112	2.764724682214596e-185
145.39841210302575	2.750058361990046e-185
146.7612465616404	2.7353920417654964e-185
148.12408102025506	2.7207257215409466e-185
149.4869154788697	2.706059401316397e-185
150.84974993748438	2.691393081091847e-185
152.212584396099	2.6767267608672976e-185
153.57541885471366	2.6620604406427478e-185
154.93825331332835	2.6473941204181977e-185
156.301087771943	2.632727800193648e-185
157.66392223055766	2.6180614799690978e-185
159.02675668917232	2.603395159744548e-185
160.38959114778697	2.5887288395199982e-185
161.7524256064016	2.5740625192954487e-185
163.11526006501626	2.559396199070899e-185
164.47809452363092	2.544729878846349e-185
165.84092898224557	2.5300635586217994e-185
167.20376344086023	2.5153972383972496e-185
168.56659789947489	2.5007309181726998e-185
169.92943235808954	2.48606459794815e-185
171.29226681670417	2.4713982777236005e-185
172.65510127531883	2.4567319574990507e-185
174.01793573393348	2.442065637274501e-185
175.38077019254814	2.4273993170499512e-185
176.7436046511628	2.4127329968254014e-185
178.10643910977745	2.3980666766008516e-185
179.4692735683921	2.3834003563763015e-185
180.83210802700674	2.368734036151752e-185
182.1949424856214	2.3540677159272022e-185
183.55777694423605	2.3394013957026524e-185
184.9206114028507	2.3247350754781027e-185
186.28344586146537	2.310068755253553e-185
187.64628032008002	2.295402435029003e-185
189.00911477869468	2.2807361148044533e-185
190.37194923730934	2.2660697945799035e-185
191.73478369592397	2.251403474355354e-185
193.09761815453862	2.2367371541308043e-185
194.46045261315328	2.2220708339062545e-185
195.82328707176794	2.2074045136817047e-185
197.1861215303826	2.192738193457155e-185
198.54895598899725	2.178071873232605e-185
199.9117904476119	2.1634055530080553e-185
201.27462490622656	2.1487392327835052e-185
202.63745936484122	2.1340729125589554e-185
204.00029382345588	2.1194065923344056e-185
205.36312828207053	2.104740272109856e-185
206.7259627406852	2.090073951885306e-185
208.08879719929985	2.0754076316607563e-185
209.45163165791448	2.0607413114362068e-185
210.8144661165291	2.0460749912116574e-185
212.1773005751438	2.0314086709871072e-185
213.54013503375847	2.016742350762557e-185
214.9029694923731	2.0020760305380077e-185
216.26580395098773	1.9874097103134582e-185
217.62863840960242	1.972743390088908e-185
218.9914728682171	1.958077069864358e-185
220.35430732683173	1.9434107496398085e-185
221.71714178544636	1.928744429415259e-185
223.079976244061	1.9140781091907093e-185
224.44281070267567	1.899411788966159e-185
225.80564516129036	1.884745468741609e-185
227.16847961990499	1.8700791485170596e-185
228.5313140785196	1.85541282829251e-185
229.89414853713424	1.8407465080679607e-185
231.25698299574893	1.8260801878434105e-185
232.6198174543636	1.8114138676188604e-185
233.98265191297824	1.796747547394311e-185
235.34548637159287	1.7820812271697615e-185
236.70832083020755	1.7674149069452114e-185
238.07115528882224	1.7527485867206613e-185
239.43398974743687	1.7380822664961118e-185
240.7968242060515	1.7234159462715624e-185
242.15965866466615	1.7087496260470126e-185
243.5224931232808	1.6940833058224628e-185
244.8853275818955	1.6794169855979127e-185
246.24816204051012	1.664750665373363e-185
247.61099649912478	1.650084345148813e-185
248.9738309577394	1.6354180249242636e-185
250.3366654163541	1.6207517046997135e-185
251.69949987496875	1.6060853844751637e-185
253.0623343335834	1.591419064250614e-185
254.42516879219804	1.5767527440260645e-185
255.78800325081272	1.5620864238015144e-185
257.1508377094273	1.5474201035769652e-185
258.51367216804204	1.5327537833524148e-185
259.87650662665664	1.5180874631278657e-185
261.23934108527135	1.5034211429033152e-185
262.60217554388595	1.488754822678766e-185
263.9650100025006	1.4740885024542163e-185
265.32784446111526	1.4594221822296663e-185
266.6906789197299	1.4447558620051166e-185
268.0535133783446	1.4300895417805668e-185
269.41634783695923	1.415423221556017e-185
270.7791822955739	1.4007569013314672e-185
272.14201675418855	1.3860905811069172e-185
273.5048512128032	1.3714242608823675e-185
274.86768567141786	1.3567579406578177e-185
276.2305201300325	1.3420916204332679e-185
277.5933545886472	1.3274253002087181e-185
278.95618904726183	1.3127589799841683e-185
280.3190235058765	1.2980926597596185e-185
281.68185796449114	1.2834263395350687e-185
283.04469242310574	1.2687600193105194e-185
284.40752688172046	1.2540936990859692e-185
285.77036134033506	1.2394273788614199e-185
287.13319579894977	1.2247610586368694e-185
288.49603025756437	1.2100947384123203e-185
289.8588647161791	1.1954284181877699e-185
291.2216991747937	1.1807620979632207e-185
292.58453363340834	1.166095777738671e-185
293.947368092023	1.151429457514121e-185
295.31020255063765	1.1367631372895712e-185
296.6730370092523	1.1220968170650214e-185
298.03587146786697	1.1074304968404716e-185
299.3987059264816	1.0927641766159218e-185
300.7615403850963	1.078097856391372e-185
302.1243748437109	1.0634315361668229e-185
303.4872093023256	1.0487652159422725e-185
304.8500437609402	1.0340988957177232e-185
306.2128782195549	1.0194325754931729e-185
307.57571267816957	1.004766255268623e-185
308.9385471367842	9.900999350440732e-186
310.3013815953989	9.754336148195234e-186
311.6642160540135	9.607672945949742e-186
313.0270505126282	9.461009743704238e-186
314.3898849712428	9.314346541458747e-186
315.7527194298575	9.167683339213242e-186
317.1155538884721	9.02102013696775e-186
318.4783883470868	8.874356934722246e-186
319.8412228057014	8.727693732476753e-186
321.20405726431613	8.581030530231249e-186
322.56689172293073	8.434367327985758e-186
323.9297261815454	8.28770412574026e-186
325.29256064016005	8.141040923494762e-186
326.6553950987747	7.994377721249264e-186
328.01822955738936	7.847714519003766e-186
329.381064016004	7.701051316758267e-186
330.7438984746187	7.554388114512769e-186
332.10673293323333	7.407724912267271e-186
333.46956739184793	7.26106171002178e-186
334.83240185046265	7.114398507776275e-186
336.19523630907725	6.967735305530783e-186
337.55807076769196	6.821072103285279e-186
338.92090522630656	6.674408901039787e-186
340.2837396849213	6.527745698794283e-186
341.6465741435359	6.381082496548791e-186
343.00940860215053	6.234419294303293e-186
344.3722430607652	6.087756092057795e-186
345.73507751937984	5.941092889812297e-186
347.0979119779945	5.7944296875667985e-186
348.46074643660916	5.6477664853213006e-186
349.8235808952238	5.501103283075803e-186
351.18641535383847	5.354440080830305e-186
352.5492498124531	5.207776878584807e-186
353.9120842710678	5.061113676339308e-186
355.27491872968244	4.91445047409381e-186
356.6377531882971	4.7677872718483125e-186
358.00058764691175	4.621124069602815e-186
359.3634221055264	4.474460867357316e-186
360.72625656414107	4.327797665111818e-186
362.08909102275567	4.181134462866327e-186
363.4519254813704	4.034471260620822e-186
364.814759939985	3.88780805837533e-186
366.1775943985997	3.741144856129826e-186
367.5404288572143	3.5944816538843344e-186
368.903263315829	3.4478184516388304e-186
370.2660977744436	3.3011552493933383e-186
371.62893223305826	3.1544920471478404e-186
372.9917666916729	3.0078288449023425e-186
374.3546011502876	2.8611656426568443e-186
375.71743560890224	2.7145024404113464e-186
377.0802700675169	2.567839238165848e-186
378.44310452613155	2.4211760359203502e-186
379.8059389847462	2.274512833674852e-186
381.1687734433608	2.12784963142936e-186
382.5316079019755	1.9811864291838562e-186
383.8944423605901	1.8345232269383638e-186
385.25727681920483	1.6878600246928596e-186
386.62011127781943	1.5411968224473677e-186
387.98294573643415	1.3945336202018637e-186
389.34578019504875	1.2478704179563717e-186
390.7086146536634	1.1012072157108737e-186
392.07144911227806	9.545440134653756e-187
393.4342835708927	8.078808112198776e-187
394.7971180295074	6.612176089743795e-187
396.15995248812203	5.145544067288816e-187
397.5227869467367	3.6789120448338343e-187
398.88562140535134	2.2122800223788538e-187
400.248455863966	7.456479999238732e-188
401.61129032258066	1.0826642917294499e-185
402.9741247811953	8.198099834496241e-185
404.33695923980997	2.319120948320139e-183
405.6997936984246	1.6496761203317368e-181
407.0626281570393	2.2988190595225713e-179
408.42546261565394	5.35999019935254e-177
409.7882970742685	1.410122030574755e-175
411.15113153288326	9.975562027834435e-174
412.51396599149786	1.6758507693728614e-171
413.87680045011257	1.5890665411022084e-169
415.2396349087272	3.2902504377105042e-167
416.6024693673419	1.2961191331808564e-164
417.9653038259565	8.670449997649592e-164
419.32813828457114	5.867256553272061e-162
420.69097274318574	6.838082294552285e-159
422.0538072018004	1.2747002231013516e-157
423.4166416604151	2.7830415936346377e-156
424.77947611902977	1.62503261233767e-154
426.1423105776445	1.785526620323646e-152
427.50514503625914	1.1255846255980697e-150
428.86797949487374	4.106036163218944e-149
430.2308139534884	1.8041552800965301e-147
431.593648412103	2.0499785773634322e-145
432.95648287071765	9.102559860237611e-144
434.3193173293323	4.566336962853275e-142
435.682151787947	8.457642038196442e-139
437.0449862465616	1.737408925151147e-138
438.4078207051763	1.629635366682737e-135
439.770655163791	5.2402375728894397e-135
441.13348962240565	2.1684577172099722e-133
442.49632408102025	1.1940163596882062e-131
443.8591585396349	9.72628498946446e-130
445.22199299824956	2.5694696441661495e-128
446.58482745686416	1.2964374101663576e-126
447.9476619154788	5.411477681021371e-125
449.31049637409353	2.729171441440994e-123
450.6733308327082	1.4125744866112505e-121
452.0361652913229	6.738264238461892e-119
453.3989997499375	2.290575595339451e-118
454.76183420855216	1.1411673989980546e-115
456.1246686671668	1.564092078264839e-113
457.4875031257814	7.818374868564519e-112
458.8503375843961	1.5480340529302872e-111
460.2131720430108	2.688256630006231e-109
461.57600650162544	7.615069164498103e-109
462.93884096024004	3.9817049371509676e-107
464.3016754188547	1.0146471990127312e-104
465.6645098774694	2.5834442664510737e-104
467.02734433608407	2.264002346882875e-102
468.39017879469867	6.534100874711355e-101
469.7530132533133	7.461046736931046e-98
471.1158477119279	2.771075374000444e-97
472.4786821705427	4.796046074308037e-97
473.8415166291573	4.5852148952502385e-94
475.20435108777195	9.276551427811375e-94
476.56718554638655	7.317852596081636e-92
477.9300200050012	7.032114467492729e-91
479.2928544636159	6.3161974151408855e-90
480.6556889222306	3.151783161549737e-88
482.0185233808452	1.3620909388627105e-86
483.38135783945984	4.555164218600526e-85
484.74419229807455	4.082467469689823e-84
486.1070267566892	4.420999033662093e-83
487.4698612153038	2.0057002809702063e-81
488.83269567391847	3.7627402692363785e-80
490.1955301325331	5.031903239508215e-79
491.55836459114784	9.239617585315816e-78
492.92119904976244	1.5813997664642813e-76
494.2840335083771	3.300542845186186e-75
495.64686796699175	7.262283097432813e-74
497.00970242560635	1.0720242812490216e-72
498.37253688422106	1.8600558251434236e-71
499.7353713428357	4.1358949243117285e-70
501.0982058014504	5.39239508165395e-69
502.461040260065	1.3838551752596219e-67
503.8238747186797	1.82619753876873e-66
505.18670917729435	2.6315258435528496e-65
506.549543635909	3.2019608121738165e-64
507.9123780945236	9.123723818855554e-63
509.27521255313826	8.00349594914664e-62
510.638047011753	1.02501166034535e-60
512.0008814703676	2.3662521818317874e-59
513.3637159289823	6.937994309124223e-58
514.7265503875968	1.0880719602096098e-56
516.0893848462115	9.80428283479748e-56
517.4522193048263	8.243581268651459e-54
518.8150537634409	3.569941618949224e-53
520.1778882220555	6.315525111033072e-53
521.5407226806701	1.421157763974459e-50
522.9035571392849	3.0826218629720495e-50
524.2663915978995	1.1936502062855205e-48
525.6292260565141	8.882732068292498e-48
526.9920605151287	1.6571813930300114e-47
528.3548949737434	2.4649315769143836e-43
529.7177294323582	7.023869278851026e-43
531.0805638909727	1.1582806980786908e-42
532.4433983495874	1.614174468272317e-42
533.806232808202	2.0700682384659433e-42
535.1690672668167	8.004073100084025e-41
536.5319017254313	3.2038678511092084e-40
537.894736184046	5.607328392210015e-40
539.2575706426607	3.8741991722278467e-38
540.6204051012753	9.209330006044959e-38
541.98323955989	1.1897329689366759e-36
543.3460740185046	1.113076046020635e-35
544.7089084771193	2.1071787951476026e-35
546.0717429357339	7.986072973577109e-34
547.4345773943486	2.353440100878494e-33
548.7974118529633	3.908272904399278e-33
550.1602463115779	1.8536318830789697e-31
551.5230807701926	3.894844170326711e-31
552.8859152288072	6.819691244850196e-30
554.2487496874218	2.9311670100957793e-29
555.6115841460365	5.180364895706914e-29
556.9744186046512	1.454106668910704e-27
558.3372530632658	3.534195956132313e-27
559.7000875218804	1.546911563920346e-26
561.0629219804952	1.7691493343423385e-25
562.4257564391098	3.383607512292508e-25
563.7885908977245	5.191081051266718e-24
565.151425356339	1.5706657938999618e-23
566.5142598149537	2.6222234826733394e-23
567.8770942735684	5.1312171358914145e-22
569.2399287321831	1.0878546200329742e-21
570.6027631907976	7.735977613882865e-21
571.9655976494123	3.409223057865975e-20
573.328432108027	6.044848354343663e-20
574.6912665666417	7.058718971700849e-19
576.0541010252563	1.7198659007051756e-18
577.4169354838709	3.3065501088929545e-18
578.7797699424856	3.60300716667369e-17
580.1426044011004	6.875359322458358e-17
581.5054388597149	4.50602067404739e-16
582.8682733183296	1.3362955966906978e-15
584.2311077769442	2.221989125976657e-15
585.5939422355589	1.8490408192796887e-14
586.9567766941735	3.8591306831421126e-14
588.3196111527882	1.2818373306877155e-13
589.6824456114028	5.106081641207914e-13
591.0452800700175	8.930325951728112e-13
592.4081145286322	4.607456736297134e-12
593.7709489872468	1.0704767195116823e-11
595.1337834458615	1.6802077653936512e-11
596.4966179044761	9.630229429460119e-11
597.8594523630908	1.7774002620051329e-10
599.2222868217054	5.623139350559475e-10
600.5851212803201	1.473062633974464e-09
601.9479557389348	2.3838113328929804e-09
603.3107901975494	9.055320247283467e-09
604.673624656164	1.757834625559779e-08
606.0364591147787	3.47114256952372e-08
607.3992935733934	1.0140387982383963e-07
608.762128032008	1.6809633395244208e-07
610.1249624906226	4.3390372206432415e-07
611.4877969492373	8.698325825692262e-07
612.850631407852	1.305761443074092e-06
614.2134658664667	3.5479475998226125e-06
615.5763003250813	5.925032717762859e-06
616.9391347836959	1.101046037755461e-05
618.3019692423106	2.1805071079754487e-05
619.6648037009253	3.259968178195347e-05
621.02763815954	6.473467021001671e-05
622.3904726181545	0.00010545989728176296
623.7533070767691	0.00015520091526674616
625.1161415353839	0.00028241726403450534
626.4789759939986	0.0004096336128022539
627.8418104526131	0.0006360367187534423
629.2046449112278	0.0009634345968662613
630.5674793698425	0.0012908324749791077
631.9303138284572	0.0019444146778737044
633.2931482870717	0.0026396639389273547
634.6559827456864	0.00342013907927564
636.0188172043011	0.004530097318319866
637.3816516629158	0.005750857510307103
638.7444861215304	0.007152884078424416
640.107320580145	0.008737331197880773
641.4701550387597	0.010359150302210973
642.8329894973743	0.011988772394379926
644.195823955989	0.013556719790190998
645.5586584146037	0.014934398689324465
646.9214928732183	0.01608873432477069
648.284327331833	0.01690913773157569
649.6471617904476	0.017350585258152848
651.0099962490623	0.01743114100034458
652.3728307076769	0.01725484410847202
653.7356651662916	0.017009256343886735
655.0984996249063	0.016501943032088177
656.4613340835209	0.016079007351395516
657.8241685421356	0.01585356740441976
659.1870030007502	0.015628127457444005
660.5498374593649	0.01575497035647171
661.9126719179794	0.016249129367349537
663.2755063765942	0.017247520922428868
664.6383408352089	0.018574834069147714
666.0011752938235	0.020219709495659117
667.364009752438	0.022031506691380598
668.7268442110528	0.023869607040276304
670.0896786696675	0.02558270709609977
671.4525131282821	0.026987235690427307
672.8153475868967	0.027902005085693404
674.1781820455113	0.028446762664069456
675.5410165041261	0.028127302910247513
676.9038509627408	0.027695791022901366
678.2666854213553	0.026425434853965528
679.62951987997	0.024681988590750048
680.9923543385846	0.02251735962461712
682.3551887971994	0.0200782384511529
683.7180232558139	0.01750031287814355
685.0808577144286	0.01491047550001362
686.4436921730432	0.01242354427634727
687.806526631658	0.010105509547964596
689.1693610902726	0.008056530456870844
690.5321955488872	0.006260854903834333
691.8950300075019	0.004777138255869033
693.2578644661165	0.0035781428166902093
694.6206989247312	0.0025978556510520222
695.9835333833458	0.001989331736927531
697.3463678419605	0.00138080782280304
698.7092023005752	0.0008878136908215494
700.0720367591898	0.0006398980797807494
701.4348712178045	0.00039198246873994945
702.7977056764191	0.00025784764121982313
704.1605401350338	0.00016982199759923782
705.5233745936484	8.65333724913784e-05
706.8862090522631	5.1276374447897244e-05
708.2490435108778	2.976393476468762e-05
709.6118779694924	1.6902054844134668e-05
710.9747124281071	9.148047710044528e-06
712.3375468867216	5.021235309524061e-06
713.7003813453364	2.650172494894693e-06
715.063215803951	1.3394736828258479e-06
716.4260502625657	6.896222418435595e-07
717.7888847211802	3.3712804861613226e-07
719.1517191797949	1.6064751147136078e-07
720.5145536384097	7.704567707050849e-08
721.8773880970243	3.472221615358385e-08
723.2402225556389	1.7453363338725346e-08
724.6030570142535	1.6564490290462165e-08
725.9658914728683	1.5675617242198908e-08
727.328725931483	1.4786744193935725e-08
728.6915603900975	1.3897871145672617e-08
730.0543948487121	1.3008998097409434e-08
731.4172293073268	1.2120125049146253e-08
732.7800637659416	1.1231252000882996e-08
734.1428982245561	1.0342378952619888e-08
735.5057326831708	9.453505904356705e-09
736.8685671417854	8.564632856093522e-09
738.2314016004001	7.67575980783034e-09
739.5942360590147	6.786886759567157e-09
740.9570705176294	5.898013711303974e-09
742.3199049762441	5.009140663040792e-09
743.6827394348587	4.120267614777609e-09
745.0455738934734	3.231394566514426e-09
746.408408352088	2.342521518251245e-09
747.7712428107027	1.4536484699880607e-09
749.1340772693173	5.647754217248797e-10
750.496911727932	3.240976265383047e-10
751.8597461865467	1.2129706748014858e-09
753.2225806451613	2.10184372306467e-09
754.585415103776	2.990716771327851e-09
755.9482495623906	3.8795898195910356e-09
757.3110840210053	4.768462867854217e-09
758.6739184796199	5.657335916117401e-09
760.0367529382346	6.546208964380582e-09
761.3995873968493	7.4350820126437664e-09
762.7624218554638	8.323955060906875e-09
764.1252563140786	9.212828109170132e-09
765.4880907726932	1.0101701157433313e-08
766.8509252313079	1.0990574205696497e-08
768.2137596899224	1.1879447253959606e-08
769.5765941485371	1.276832030222279e-08
770.9394286071519	1.3657193350486044e-08
772.3022630657665	1.4546066398749225e-08
773.665097524381	1.5434939447012333e-08
775.0279319829957	1.6323812495275514e-08
776.3907664416105	1.7212685543538775e-08
777.7536009002251	1.8101558591801956e-08
779.1164353588397	1.8990431640065064e-08
780.4792698174543	1.9879304688328245e-08
781.842104276069	2.0768177736591433e-08
783.2049387346838	2.1657050784854687e-08
784.5677731932983	2.2545923833117795e-08
785.930607651913	2.3434796881380976e-08
787.2934421105276	2.4323669929644164e-08
788.6562765691423	2.5212542977907345e-08
790.0191110277569	2.6101416026170526e-08
791.3819454863716	2.6990289074433707e-08
792.7447799449862	2.7879162122696888e-08
794.1076144036009	2.8768035170960075e-08
795.4704488622156	2.9656908219223257e-08
796.8332833208302	3.054578126748644e-08
798.1961177794449	3.1434654315749615e-08
799.5589522380595	3.23235273640128e-08
800.9217866966742	3.321240041227599e-08
802.2846211552888	3.4101273460539165e-08
803.6474556139035	3.499014650880235e-08
805.0102900725182	3.587901955706554e-08
806.3731245311328	3.6767892605328715e-08
807.7359589897474	3.765676565359182e-08
809.0987934483621	3.854563870185508e-08
810.4616279069768	3.9434511750118265e-08
811.8244623655914	4.032338479838145e-08
813.187296824206	4.121225784664456e-08
814.5501312828208	4.2101130894907815e-08
815.9129657414354	4.2990003943171e-08
817.2758002000501	4.387887699143418e-08
818.6386346586646	4.4767750039697285e-08
820.0014691172794	4.565662308796055e-08
821.364303575894	4.6545496136223726e-08
822.7271380345087	4.7434369184486914e-08
824.0899724931232	4.832324223275002e-08
825.4528069517379	4.92121152810132e-08
826.8156414103526	5.0100988329276385e-08
828.1784758689672	5.098986137753957e-08
829.541310327582	5.1878734425802826e-08
830.9041447861964	5.2767607474065855e-08
832.2669792448113	5.365648052232919e-08
833.629813703426	5.4545353570592376e-08
834.9926481620405	5.5434226618855484e-08
836.3554826206552	5.632309966711866e-08
837.7183170792698	5.7211972715381846e-08
839.0811515378845	5.8100845763645034e-08
840.4439859964991	5.898971881190821e-08
841.8068204551139	5.987859186017146e-08
843.1696549137283	6.07674649084345e-08
844.5324893723432	6.165633795669784e-08
845.8953238309576	6.254521100496087e-08
847.2581582895724	6.343408405322412e-08
848.6209927481871	6.432295710148731e-08
849.9838272068017	6.52118301497505e-08
851.3466616654164	6.610070319801367e-08
852.7094961240309	6.698957624627678e-08
854.0723305826458	6.787844929454011e-08
855.4351650412602	6.876732234280314e-08
856.797999499875	6.965619539106641e-08
858.1608339584895	7.054506843932952e-08
859.5236684171043	7.143394148759277e-08
860.886502875719	7.232281453585594e-08
862.2493373343336	7.321168758411913e-08
863.6121717929482	7.410056063238224e-08
864.9750062515628	7.498943368064543e-08
866.3378407101777	7.587830672890876e-08
867.7006751687921	7.676717977717179e-08
869.0635096274069	7.765605282543504e-08
870.4263440860216	7.854492587369823e-08
871.7891785446362	7.94337989219614e-08
873.1520130032509	8.03226719702246e-08
874.5148474618654	8.12115450184877e-08
875.8776819204801	8.210041806675089e-08
877.2405163790947	8.298929111501406e-08
878.6033508377094	8.387816416327725e-08
879.966185296324	8.476703721154044e-08
881.3290197549388	8.565591025980369e-08
882.6918542135535	8.654478330806687e-08
884.0546886721681	8.743365635633006e-08
885.4175231307827	8.832252940459316e-08
886.7803575893973	8.921140245285635e-08
888.143192048012	9.010027550111953e-08
889.5060265066267	9.098914854938271e-08
890.8688609652413	9.187802159764589e-08
892.2316954238559	9.2766894645909e-08
893.5945298824705	9.365576769417218e-08
894.9573643410854	9.454464074243552e-08
896.3201987996999	9.543351379069863e-08
897.6830332583146	9.632238683896181e-08
899.0458677169293	9.721125988722499e-08
900.4087021755439	9.810013293548818e-08
901.7715366341586	9.898900598375135e-08
903.1343710927731	9.987787903201446e-08
904.4972055513878	1.0076675208027765e-07
905.8600400100024	1.0165562512854083e-07
907.2228744686172	1.0254449817680407e-07
908.5857089272318	1.0343337122506726e-07
909.9485433858465	1.0432224427333045e-07
911.3113778444612	1.0521111732159364e-07
912.6742123030758	1.0609999036985682e-07
914.0370467616904	1.0698886341811993e-07
915.399881220305	1.078777364663831e-07
916.7627156789197	1.0876660951464628e-07
918.1255501375343	1.0965548256290947e-07
919.4883845961491	1.1054435561117274e-07
920.8512190547638	1.1143322865943592e-07
922.2140535133784	1.1232210170769909e-07
923.5768879719931	1.1321097475596227e-07
924.9397224306076	1.1409984780422538e-07
926.3025568892223	1.1498872085248857e-07
927.6653913478369	1.1587759390075176e-07
929.0282258064516	1.1676646694901494e-07
930.3910602650662	1.176553399972781e-07
931.753894723681	1.1854421304554137e-07
933.1167291822957	1.1943308609380456e-07
934.4795636409103	1.2032195914206775e-07
935.8423980995249	1.2121083219033086e-07
937.2052325581395	1.2209970523859402e-07
938.5680670167542	1.229885782868572e-07
939.9309014753688	1.238774513351204e-07
941.2937359339835	1.2476632438338358e-07
942.656570392598	1.256551974316467e-07
944.0194048512127	1.2654407047990988e-07
945.3822393098276	1.274329435281732e-07
946.7450737684421	1.283218165764363e-07
948.1079082270568	1.292106896246995e-07
949.4707426856714	1.3009956267296268e-07
950.8335771442861	1.3098843572122587e-07
952.1964116029008	1.3187730876948903e-07
953.5592460615153	1.3276618181775214e-07
954.92208052013	1.3365505486601532e-07
956.2849149787446	1.345439279142785e-07
957.6477494373594	1.3543280096254178e-07
959.010583895974	1.3632167401080494e-07
960.3734183545887	1.3721054705906813e-07
961.7362528132034	1.3809942010733132e-07
963.099087271818	1.389882931555945e-07
964.4619217304326	1.398771662038576e-07
965.8247561890472	1.407660392521208e-07
967.1875906476619	1.4165491230038396e-07
968.5504251062765	1.4254378534864715e-07
969.9132595648913	1.4343265839691042e-07
971.276094023506	1.443215314451736e-07
972.6389284821206	1.4521040449343676e-07
974.0017629407353	1.4609927754169995e-07
975.3645973993498	1.4698815058996306e-07
976.7274318579645	1.4787702363822625e-07
978.0902663165791	1.4876589668648944e-07
979.4531007751938	1.4965476973475262e-07
980.8159352338084	1.5054364278301578e-07
982.178769692423	1.5143251583127892e-07
983.5416041510379	1.5232138887954224e-07
984.9044386096525	1.5321026192780543e-07
986.2672730682671	1.5409913497606854e-07
987.6301075268817	1.5498800802433172e-07
988.9929419854964	1.5587688107259488e-07
990.355776444111	1.5676575412085807e-07
991.7186109027257	1.5765462716912126e-07
993.0814453613402	1.5854350021738437e-07
994.4442798199549	1.5943237326564756e-07
995.8071142785698	1.6032124631391088e-07
997.1699487371843	1.6121011936217398e-07
998.532783195799	1.6209899241043717e-07
999.8956176544136	1.6298786545870036e-07
1001.2584521130283	1.6387673850696355e-07
1002.6212865716429	1.647656115552267e-07
1003.9841210302575	1.6565448460348982e-07
1005.3469554888721	1.66543357651753e-07
1006.7097899474868	1.674322307000162e-07
1008.0726244061016	1.6832110374827946e-07
1009.4354588647162	1.6920997679654262e-07
1010.7982933233309	1.700988498448058e-07
1012.1611277819455	1.70987722893069e-07
1013.5239622405602	1.7187659594133218e-07
1014.8867966991747	1.727654689895953e-07
1016.2496311577894	1.7365434203785848e-07
1017.612465616404	1.7454321508612167e-07
1018.9753000750187	1.7543208813438483e-07
1020.3381345336334	1.7632096118264802e-07
1021.7009689922481	1.7720983423091128e-07
1023.0638034508628	1.7809870727917447e-07
1024.4266379094774	1.7898758032743763e-07
1025.789472368092	1.7987645337570074e-07
1027.1523068267068	1.80765326423964e-07
1028.5151412853213	1.8165419947222712e-07
1029.8779757439358	1.8254307252049022e-07
1031.2408102025506	1.834319455687535e-07
1032.6036446611652	1.843208186170166e-07
1033.96647911978	1.8520969166527984e-07
1035.3293135783947	1.860985647135431e-07
1036.6921480370092	1.8698743776180622e-07
1038.054982495624	1.8787631081006946e-07
1039.4178169542386	1.8876518385833256e-07
1040.780651412853	1.8965405690659567e-07
1042.1434858714679	1.9054292995485894e-07
1043.5063203300824	1.9143180300312205e-07
1044.8691547886972	1.9232067605138531e-07
1046.231989247312	1.9320954909964856e-07
1047.5948237059265	1.9409842214791166e-07
1048.9576581645413	1.9498729519617493e-07
1050.3204926231558	1.9587616824443804e-07
1051.6833270817704	1.9676504129270115e-07
1053.0461615403851	1.9765391434096441e-07
1054.4089959989997	1.9854278738922752e-07
1055.7718304576144	1.9943166043749076e-07
1057.134664916229	2.0032053348575387e-07
1058.4974993748435	2.0120940653401698e-07
1059.8603338334585	2.0209827958228038e-07
1061.223168292073	2.029871526305435e-07
1062.5860027506876	2.038760256788066e-07
1063.9488372093024	2.0476489872706986e-07
1065.311671667917	2.0565377177533297e-07
1066.6745061265317	2.0654264482359624e-07
1068.0373405851462	2.0743151787185935e-07
1069.4001750437608	2.0832039092012245e-07
1070.7630095023756	2.092092639683857e-07
1072.1258439609903	2.1009813701664896e-07
1073.4886784196049	2.1098701006491207e-07
1074.8515128782196	2.118758831131753e-07
1076.2143473368342	2.1276475616143842e-07
1077.577181795449	2.1365362920970169e-07
1078.9400162540635	2.145425022579648e-07
1080.302850712678	2.154313753062279e-07
1081.6656851712928	2.1632024835449117e-07
1083.0285196299074	2.1720912140275428e-07
1084.3913540885221	2.1809799445101752e-07
1085.754188547137	2.1898686749928079e-07
1087.1170230057514	2.198757405475439e-07
1088.4798574643662	2.2076461359580716e-07
1089.8426919229807	2.2165348664407027e-07
1091.2055263815953	2.2254235969233335e-07
1092.56836084021	2.2343123274059665e-07
1093.9311952988246	2.2432010578885973e-07
1095.2940297574394	2.2520897883712297e-07
1096.656864216054	2.260978518853861e-07
1098.0196986746687	2.2698672493364934e-07
1099.3825331332835	2.2787559798191264e-07
1100.745367591898	2.2876447103017572e-07
1102.1082020505125	2.2965334407843885e-07
1103.4710365091273	2.305422171267021e-07
1104.8338709677419	2.3143109017496518e-07
1106.1967054263566	2.3231996322322847e-07
1107.5595398849712	2.3320883627149155e-07
1108.9223743435857	2.3409770931975469e-07
1110.2852088022007	2.3498658236801808e-07
1111.6480432608153	2.3587545541628117e-07
1113.0108777194298	2.367643284645443e-07
1114.3737121780446	2.3765320151280754e-07
1115.736546636659	2.385420745610707e-07
1117.0993810952739	2.394309476093339e-07
1118.4622155538884	2.40319820657597e-07
1119.825050012503	2.4120869370586013e-07
1121.1878844711177	2.420975667541234e-07
1122.5507189297325	2.429864398023866e-07
1123.913553388347	2.4387531285064975e-07
1125.2763878469618	2.44764185898913e-07
1126.6392223055764	2.456530589471761e-07
1128.0020567641911	2.4654193199543937e-07
1129.3648912228057	2.474308050437025e-07
1130.7277256814202	2.483196780919656e-07
1132.090560140035	2.492085511402288e-07
1133.4533945986495	2.5009742418849196e-07
1134.8162290572643	2.509862972367552e-07
1136.179063515879	2.518751702850185e-07
1137.5418979744936	2.527640433332816e-07
1138.9047324331084	2.536529163815448e-07
1140.267566891723	2.5454178942980795e-07
1141.6304013503375	2.5543066247807103e-07
1142.9932358089522	2.563195355263343e-07
1144.3560702675668	2.572084085745974e-07
1145.7189047261816	2.5809728162286065e-07
1147.081739184796	2.589861546711238e-07
1148.4445736434109	2.59875027719387e-07
1149.8074081020256	2.607639007676503e-07
1151.1702425606402	2.616527738159134e-07
1152.5330770192547	2.6254164686417653e-07
1153.8959114778695	2.6343051991243977e-07
1155.258745936484	2.6431939296070285e-07
1156.6215803950988	2.6520826600896615e-07
1157.9844148537134	2.6609713905722923e-07
1159.347249312328	2.6698601210549236e-07
1160.710083770943	2.6787488515375576e-07
1162.0729182295574	2.6876375820201885e-07
1163.435752688172	2.69652631250282e-07
1164.7985871467868	2.705415042985452e-07
1166.1614216054013	2.7143037734680836e-07
1167.524256064016	2.723192503950716e-07
1168.8870905226306	2.732081234433347e-07
1170.2499249812452	2.740969964915978e-07
1171.61275943986	2.7498586953986105e-07
1172.9755938984747	2.7587474258812435e-07
1174.3384283570892	2.7676361563638743e-07
1175.701262815704	2.7765248868465067e-07
1177.0640972743186	2.785413617329138e-07
1178.4269317329333	2.7943023478117705e-07
1179.7897661915479	2.803191078294402e-07
1181.1526006501624	2.8120798087770326e-07
1182.5154351087772	2.820968539259665e-07
1183.8782695673917	2.8298572697422964e-07
1185.2411040260065	2.838746000224929e-07
1186.6039384846213	2.8476347307075617e-07
1187.9667729432358	2.8565234611901925e-07
1189.3296074018506	2.865412191672825e-07
1190.6924418604651	2.8743009221554563e-07
1192.0552763190797	2.883189652638087e-07
1193.4181107776944	2.89207838312072e-07
1194.780945236309	2.900967113603351e-07
1196.1437796949238	2.909855844085984e-07
1197.5066141535383	2.9187445745686146e-07
1198.869448612153	2.927633305051247e-07
1200.2322830707678	2.93652203553388e-07
1201.5951175293824	2.945410766016511e-07
1202.957951987997	2.954299496499142e-07
1204.3207864466117	2.9631882269817745e-07
1205.6836209052262	2.9720769574644053e-07
1207.046455363841	2.9809656879470383e-07
1208.4092898224555	2.989854418429669e-07
1209.77212428107	2.9987431489123004e-07
1211.134958739685	3.0076318793949344e-07
1212.4977931982996	3.016520609877565e-07
1213.8606276569142	3.0254093403601966e-07
1215.223462115529	3.034298070842829e-07
1216.5862965741435	3.0431868013254604e-07
1217.9491310327583	3.052075531808093e-07
1219.3119654913728	3.0609642622907236e-07
1220.6747999499873	3.069852992773355e-07
1222.0376344086021	3.0787417232559873e-07
1223.4004688672167	3.0876304537386187e-07
1224.7633033258314	3.096519184221251e-07
1226.1261377844462	3.1054079147038835e-07
1227.4889722430607	3.114296645186515e-07
1228.8518067016755	3.123185375669147e-07
1230.21464116029	3.1320741061517786e-07
1231.5774756189048	3.140962836634411e-07
1232.9403100775194	3.1498515671170423e-07
1234.303144536134	3.158740297599673e-07
1235.6659789947487	3.1676290280823056e-07
1237.0288134533635	3.1765177585649385e-07
1238.391647911978	3.1854064890475693e-07
1239.7544823705928	3.1942952195302017e-07
1241.1173168292073	3.203183950012833e-07
1242.480151287822	3.2120726804954655e-07
1243.8429857464366	3.220961410978097e-07
1245.2058202050512	3.2298501414607277e-07
1246.568654663666	3.2387388719433606e-07
1247.9314891222805	3.2476276024259914e-07
1249.2943235808953	3.256516332908624e-07
1250.65715803951	3.265405063391257e-07
1252.0199924981246	3.2742937938738876e-07
1253.3828269567393	3.2831825243565205e-07
1254.7456614153539	3.2920712548391513e-07
1256.1084958739684	3.3009599853217827e-07
1257.4713303325832	3.309848715804415e-07
1258.8341647911977	3.318737446287046e-07
1260.1969992498125	3.327626176769679e-07
1261.559833708427	3.3365149072523096e-07
1262.9226681670418	3.345403637734942e-07
1264.2855026256566	3.354292368217575e-07
1265.6483370842711	3.363181098700206e-07
1267.0111715428857	3.372069829182837e-07
1268.3740060015004	3.3809585596654696e-07
1269.736840460115	3.389847290148101e-07
1271.0996749187298	3.3987360206307333e-07
1272.4625093773443	3.407624751113364e-07
1273.8253438359588	3.4165134815959955e-07
1275.1881782945738	3.4254022120786295e-07
1276.5510127531884	3.4342909425612603e-07
1277.913847211803	3.4431796730438916e-07
1279.2766816704177	3.452068403526524e-07
1280.6395161290322	3.4609571340091554e-07
1282.002350587647	3.469845864491788e-07
1283.3651850462616	3.478734594974419e-07
1284.728019504876	3.48762332545705e-07
1286.0908539634909	3.4965120559396824e-07
1287.4536884221056	3.5054007864223153e-07
1288.8165228807202	3.514289516904946e-07
1290.179357339335	3.523178247387579e-07
1291.5421917979495	3.53206697787021e-07
1292.9050262565643	3.5409557083528423e-07
1294.2678607151788	3.5498444388354736e-07
1295.6306951737934	3.5587331693181044e-07
1296.9935296324081	3.5676218998007374e-07
1298.3563640910227	3.576510630283368e-07
1299.7191985496374	3.5853993607660006e-07
