401.1086057	1.8001342994576784e-188
401.4048808	4.988537310324887e-188
403.6763237	1.1864319978382483e-184
404.6639075	3.408136491864409e-183
405.8490081	1.882394738442373e-181
407.0341087	1.0196846924957149e-179
408.2192094	5.41729769052112e-178
409.40431	2.822674456410009e-176
409.9968603	2.0227181468319755e-175
411.1819609	1.0236596300660317e-173
412.3670615	5.080859261892619e-172
413.1571286	6.788442460757161e-171
414.2434708	2.3641036344807817e-169
415.9223634	5.5290455204016005e-167
417.9539644	3.860757846009726e-164
419.5764236	6.920375059949945e-162
421.996004	1.4836724507685559e-158
423.7242757	3.3824865260175557e-156
425.0328243	2.007073389613449e-154
426.5882689	2.495152112020076e-152
427.9511346	1.6609577896413436e-150
429.0572285	4.919292366253937e-149
430.2423291	1.8213748601421367e-147
430.8842586	1.2778450203404407e-146
431.9212216	2.9375854054708305e-145
433.1063222	1.0377508434918828e-143
434.3901812	4.827042385453647e-142
437.1695244	1.818888951148278e-138
439.7428857	3.3846602248949266e-135
440.8094762	7.465507388075343e-134
441.253889	2.6968207520672593e-133
442.4554493	8.570698921313085e-132
443.1796775	6.827160192412208e-131
444.2660197	1.5141413227691846e-129
444.9573284	1.0788793778039264e-128
445.3523619	3.3037069289060724e-128
446.142429	3.07783852532414e-127
446.7349793	1.6319904655585457e-126
447.3275296	8.611515961760951e-126
447.9200799	4.5220130419162753e-125
448.5126302	2.3630570904419255e-124
449.1051805	1.2288724830687411e-123
449.5989725	4.8371449876832775e-123
450.8828315	1.6785950849687413e-121
451.4753818	8.561292595330977e-121
453.5493078	2.4688880924085076e-118
456.0972742	2.3952955721578547e-115
459.4748109	1.899118006668044e-111
461.8026871	8.434547132888494e-109
463.4251463	5.649882800660458e-107
465.8447267	2.790896918460225e-104
467.7705152	3.669189785828325e-102
469.251891	1.5110263743842641e-100
472.5109177	4.843943309549854e-97
475.6852943	1.0932120412988278e-93
477.8015454	1.7407443336658606e-91
479.3252462	6.449606400117945e-90
481.1028971	4.1895279769228896e-88
482.880548	2.605001047547442e-86
484.6581989	1.5504636552652228e-84
486.1395747	4.51683373546469e-83
487.0284002	3.3661068764979574e-82
488.2135008	4.817276046371457e-81
489.3986014	6.761382429325308e-80
489.7936349	1.623944967165556e-79
490.4849436	7.486047854174162e-79
491.6700442	1.0123029588687788e-77
492.5983731	7.680881448805086e-77
492.9539032	1.6637929739552456e-76
493.7439703	9.211998367694515e-76
494.4055944	3.836100633780956e-75
494.965035	1.2755290434794423e-74
495.2447552	2.322122708443484e-74
495.5611246	4.566719338623486e-74
496.5092051	3.437207368726283e-73
497.1017554	1.205976060991424e-72
498.286856	1.4631025731692303e-71
498.6571999	3.1788786974505892e-71
499.9798569	5.0016640820793345e-70
501.1508492	5.622684165425592e-69
501.7575078	1.9548292517682165e-68
502.9426084	2.1972962693207066e-67
504.1136007	2.3543415088160373e-66
505.3974597	3.1021004288495612e-65
506.5825603	3.284833214790205e-64
507.7676609	3.4113866491743184e-63
509.2490367	6.188486709815084e-62
510.7304124	1.0890569589559108e-60
512.5080634	3.2674038692590044e-59
514.5819894	1.6351062103308744e-57
517.0509491	1.5954110315683341e-55
520.3805174	6.723744409028157e-53
524.0627943	4.495875624334718e-50
527.6180962	2.0103893412943962e-47
534.7286999	2.3786508382828266e-42
538.2840017	6.293827256171581e-40
541.8393036	1.3980990219604452e-37
545.3946054	2.6073519392847e-35
548.9499072	4.0822520450485536e-33
552.5052091	5.3658463172014585e-31
556.0605109	5.921265670137975e-29
559.6158128	5.485657041257021e-27
563.1711146	4.266583115634891e-25
566.7264164	2.7859226662528997e-23
570.2817183	1.5271968618067038e-21
573.8370201	7.028421501218429e-20
577.392322	2.7155466565135754e-18
580.9476238	8.80832113508763e-17
584.5029256	2.3986410190245124e-15
588.0582275	5.483697105233877e-14
591.6135293	1.0524887837789472e-12
595.1688312	1.6958881025407055e-11
598.724133	2.2941000669427854e-10
602.2794349	2.60533069113229e-09
605.8347367	2.483982110724057e-08
609.3900385	1.9882412324387834e-07
612.9453404	1.3360559390531498e-06
616.5006422	7.5372896583393004e-06
620.0559441	3.569778978122327e-05
623.6112459	0.00014193994721887687
627.1665477	0.00047381628840207057
630.7218496	0.001327917306139546
634.3759098	0.0031920341384055937
636.8589778	0.005214364706351972
638.7212787	0.007125902861475124
640.721136	0.009450960111296808
641.6840303	0.01061847537178373
643.4616812	0.012738576539042047
644.0542315	0.013408422233604195
645.2393321	0.014649643187517292
646.5231911	0.015794509417061724
647.2144998	0.01630517809124915
648.4983588	0.017029966897666834
650.2760097	0.017526089837643186
653.4503863	0.017115451021846115
656.0533752	0.016146491871241554
659.855573	0.015517532671534587
661.8307407	0.016193037862279373
663.0158413	0.017004377885690675
664.2997003	0.01820654715734653
664.6947338	0.018636163971185095
665.8939428	0.020078096031416415
667.0649351	0.02162453284633787
667.6715937	0.022450059787713715
668.9413444	0.02415815762680045
670.211095	0.025733328368588274
670.8177537	0.02640232954467244
671.9887459	0.0274813533510059
673.978022	0.028493681846703738
676.7432567	0.027845487789870317
678.4221493	0.026280520336993487
679.0146996	0.025541925508651794
679.6918999	0.024594738895333597
680.1151502	0.02395275784543898
680.7923505	0.022856197010075047
681.0293706	0.022454648362042497
681.9774511	0.020774450072812017
682.2737263	0.02022987717102396
682.5700014	0.01967837459697792
682.5700014	0.01967837459697792
682.8239516	0.019201164421337936
683.4165019	0.01807641597603867
684.1501356	0.01667469553687005
684.1995148	0.016580407327488524
684.8555526	0.01533343164331172
685.3352362	0.01443294109752928
685.4481029	0.014223005257393579
685.702053	0.01375385254054072
686.7178536	0.011931769805337259
687.3104039	0.010918192749788395
687.9029542	0.00994755455017138
688.2979877	0.009326425838407893
688.6140146	0.008845298253930654
689.6806051	0.007330402141708861
690.2731554	0.0065640073712902244
691.2607393	0.00540824639218807
692.5587066	0.0041167916790451455
694.4055944	0.0026939027142209
698.2725846	0.0009672395839262492
701.8278864	0.00032048838636888693
705.3831882	9.085101021349784e-05
706.0	7.185366085728047e-05
707.0	4.8634211273871975e-05
708.0	3.251427440503136e-05
709.0	2.147066346873289e-05
710.0	1.4004127897288556e-05
711.0	9.0220633957876e-06
712.0	5.741096939433857e-06
713.0	3.6084698638255597e-06
714.0	2.240219016895004e-06
715.0	1.373716353554759e-06
716.0	8.320373968901835e-07
717.0	4.977689606052414e-07
718.0	2.941385597669837e-07
719.0	1.716782562939331e-07
720.0	9.897324406354495e-08
721.0	5.635850896846694e-08
722.0	3.169862027352913e-08
723.0	1.7610042203089656e-08
750.0	2.1222695925078138e-17
