100.42487496874219	3.234046929400182e-185
101.78770942735684	3.2193806091756325e-185
103.1505438859715	3.204714288951083e-185
104.51337834458614	3.190047968726533e-185
105.8762128032008	3.175381648501983e-185
107.23904726181546	3.1607153282774333e-185
108.60188172043011	3.1460490080528836e-185
109.96471617904477	3.131382687828334e-185
111.3275506376594	3.1167163676037846e-185
112.69038509627408	3.102050047379234e-185
114.05321955488871	3.087383727154685e-185
115.41605401350337	3.072717406930135e-185
116.77888847211803	3.0580510867055855e-185
118.14172293073268	3.043384766481036e-185
119.50455738934734	3.028718446256486e-185
120.86739184796198	3.014052126031936e-185
122.23022630657665	2.9993858058073863e-185
123.5930607651913	2.9847194855828366e-185
124.95589522380597	2.970053165358287e-185
126.31872968242061	2.955386845133737e-185
127.68156414103527	2.940720524909187e-185
129.04439859964992	2.9260542046846374e-185
130.40723305826455	2.9113878844600883e-185
131.77006751687924	2.8967215642355378e-185
133.13290197549387	2.8820552440109887e-185
134.49573643410855	2.8673889237864383e-185
135.85857089272318	2.852722603561889e-185
137.22140535133784	2.8380562833373393e-185
138.5842398099525	2.8233899631127895e-185
139.94707426856712	2.8087236428882398e-185
141.3099087271818	2.79405732266369e-185
142.67274318579643	2.7793910024391402e-185
144.03557764441112	2.7647246822145904e-185
145.39841210302575	2.7500583619900406e-185
146.7612465616404	2.7353920417654908e-185
148.12408102025506	2.720725721540941e-185
149.4869154788697	2.7060594013163916e-185
150.84974993748438	2.6913930810918415e-185
152.212584396099	2.676726760867292e-185
153.57541885471366	2.6620604406427422e-185
154.93825331332835	2.647394120418192e-185
156.301087771943	2.6327278001936423e-185
157.66392223055766	2.6180614799690925e-185
159.02675668917232	2.6033951597445427e-185
160.38959114778697	2.588728839519993e-185
161.7524256064016	2.5740625192954435e-185
163.11526006501626	2.5593961990708937e-185
164.47809452363092	2.544729878846344e-185
165.84092898224557	2.530063558621794e-185
167.20376344086023	2.5153972383972443e-185
168.56659789947489	2.500730918172695e-185
169.92943235808954	2.486064597948145e-185
171.29226681670417	2.4713982777235956e-185
172.65510127531883	2.456731957499046e-185
174.01793573393348	2.442065637274496e-185
175.38077019254814	2.4273993170499463e-185
176.7436046511628	2.4127329968253965e-185
178.10643910977745	2.3980666766008467e-185
179.4692735683921	2.383400356376297e-185
180.83210802700674	2.3687340361517474e-185
182.1949424856214	2.3540677159271977e-185
183.55777694423605	2.339401395702648e-185
184.9206114028507	2.324735075478098e-185
186.28344586146537	2.3100687552535483e-185
187.64628032008002	2.2954024350289985e-185
189.00911477869468	2.2807361148044487e-185
190.37194923730934	2.266069794579899e-185
191.73478369592397	2.2514034743553495e-185
193.09761815453862	2.2367371541307997e-185
194.46045261315328	2.22207083390625e-185
195.82328707176794	2.2074045136817e-185
197.1861215303826	2.1927381934571503e-185
198.54895598899725	2.1780718732326005e-185
199.9117904476119	2.1634055530080508e-185
201.27462490622656	2.148739232783501e-185
202.63745936484122	2.1340729125589512e-185
204.00029382345588	2.1194065923344014e-185
205.36312828207053	2.1047402721098516e-185
206.7259627406852	2.0900739518853018e-185
208.08879719929985	2.075407631660752e-185
209.45163165791448	2.0607413114362026e-185
210.8144661165291	2.046074991211653e-185
212.1773005751438	2.031408670987103e-185
213.54013503375847	2.0167423507625532e-185
214.9029694923731	2.0020760305380034e-185
216.26580395098773	1.987409710313454e-185
217.62863840960242	1.9727433900889042e-185
218.9914728682171	1.958077069864354e-185
220.35430732683173	1.9434107496398046e-185
221.71714178544636	1.928744429415255e-185
223.079976244061	1.9140781091907057e-185
224.44281070267567	1.8994117889661556e-185
225.80564516129036	1.8847454687416054e-185
227.16847961990499	1.870079148517056e-185
228.5313140785196	1.8554128282925065e-185
229.89414853713424	1.840746508067957e-185
231.25698299574893	1.826080187843407e-185
232.6198174543636	1.8114138676188568e-185
233.98265191297824	1.7967475473943074e-185
235.34548637159287	1.782081227169758e-185
236.70832083020755	1.7674149069452078e-185
238.07115528882224	1.7527485867206577e-185
239.43398974743687	1.7380822664961082e-185
240.7968242060515	1.7234159462715588e-185
242.15965866466615	1.708749626047009e-185
243.5224931232808	1.6940833058224592e-185
244.8853275818955	1.679416985597909e-185
246.24816204051012	1.6647506653733596e-185
247.61099649912478	1.6500843451488098e-185
248.9738309577394	1.6354180249242604e-185
250.3366654163541	1.6207517046997103e-185
251.69949987496875	1.6060853844751605e-185
253.0623343335834	1.5914190642506107e-185
254.42516879219804	1.5767527440260612e-185
255.78800325081272	1.562086423801511e-185
257.1508377094273	1.547420103576962e-185
258.51367216804204	1.5327537833524115e-185
259.87650662665664	1.5180874631278624e-185
261.23934108527135	1.5034211429033123e-185
262.60217554388595	1.4887548226787628e-185
263.9650100025006	1.474088502454213e-185
265.32784446111526	1.4594221822296634e-185
266.6906789197299	1.4447558620051136e-185
268.0535133783446	1.4300895417805638e-185
269.41634783695923	1.415423221556014e-185
270.7791822955739	1.4007569013314643e-185
272.14201675418855	1.3860905811069145e-185
273.5048512128032	1.3714242608823647e-185
274.86768567141786	1.356757940657815e-185
276.2305201300325	1.3420916204332653e-185
277.5933545886472	1.3274253002087155e-185
278.95618904726183	1.3127589799841657e-185
280.3190235058765	1.2980926597596159e-185
281.68185796449114	1.2834263395350661e-185
283.04469242310574	1.268760019310517e-185
284.40752688172046	1.2540936990859666e-185
285.77036134033506	1.2394273788614174e-185
287.13319579894977	1.224761058636867e-185
288.49603025756437	1.2100947384123178e-185
289.8588647161791	1.1954284181877674e-185
291.2216991747937	1.1807620979632183e-185
292.58453363340834	1.1660957777386685e-185
293.947368092023	1.1514294575141187e-185
295.31020255063765	1.1367631372895689e-185
296.6730370092523	1.1220968170650191e-185
298.03587146786697	1.1074304968404693e-185
299.3987059264816	1.0927641766159197e-185
300.7615403850963	1.07809785639137e-185
302.1243748437109	1.0634315361668206e-185
303.4872093023256	1.0487652159422703e-185
304.8500437609402	1.0340988957177212e-185
306.2128782195549	1.0194325754931708e-185
307.57571267816957	1.004766255268621e-185
308.9385471367842	9.900999350440712e-186
310.3013815953989	9.754336148195214e-186
311.6642160540135	9.607672945949723e-186
313.0270505126282	9.461009743704218e-186
314.3898849712428	9.314346541458727e-186
315.7527194298575	9.167683339213223e-186
317.1155538884721	9.021020136967731e-186
318.4783883470868	8.874356934722228e-186
319.8412228057014	8.727693732476736e-186
321.20405726431613	8.581030530231233e-186
322.56689172293073	8.434367327985741e-186
323.9297261815454	8.287704125740244e-186
325.29256064016005	8.141040923494746e-186
326.6553950987747	7.994377721249248e-186
328.01822955738936	7.84771451900375e-186
329.381064016004	7.701051316758252e-186
330.7438984746187	7.554388114512754e-186
332.10673293323333	7.407724912267256e-186
333.46956739184793	7.261061710021765e-186
334.83240185046265	7.1143985077762605e-186
336.19523630907725	6.967735305530769e-186
337.55807076769196	6.821072103285266e-186
338.92090522630656	6.6744089010397734e-186
340.2837396849213	6.52774569879427e-186
341.6465741435359	6.3810824965487785e-186
343.00940860215053	6.234419294303281e-186
344.3722430607652	6.087756092057783e-186
345.73507751937984	5.941092889812285e-186
347.0979119779945	5.794429687566787e-186
348.46074643660916	5.647766485321289e-186
349.8235808952238	5.501103283075791e-186
351.18641535383847	5.354440080830294e-186
352.5492498124531	5.207776878584796e-186
353.9120842710678	5.0611136763392985e-186
355.27491872968244	4.914450474093801e-186
356.6377531882971	4.767787271848303e-186
358.00058764691175	4.621124069602805e-186
359.3634221055264	4.474460867357307e-186
360.72625656414107	4.32779766511181e-186
362.08909102275567	4.181134462866318e-186
363.4519254813704	4.034471260620814e-186
364.814759939985	3.887808058375322e-186
366.1775943985997	3.7411448561298184e-186
367.5404288572143	3.5944816538843275e-186
368.903263315829	3.4478184516388235e-186
370.2660977744436	3.3011552493933318e-186
371.62893223305826	3.154492047147834e-186
372.9917666916729	3.0078288449023364e-186
374.3546011502876	2.8611656426568385e-186
375.71743560890224	2.7145024404113407e-186
377.0802700675169	2.5678392381658432e-186
378.44310452613155	2.4211760359203453e-186
379.8059389847462	2.2745128336748475e-186
381.1687734433608	2.1278496314293557e-186
382.5316079019755	1.981186429183852e-186
383.8944423605901	1.8345232269383604e-186
385.25727681920483	1.6878600246928564e-186
386.62011127781943	1.5411968224473648e-186
387.98294573643415	1.394533620201861e-186
389.34578019504875	1.2478704179563693e-186
390.7086146536634	1.1012072157108716e-186
392.07144911227806	9.545440134653737e-187
393.4342835708927	8.07880811219876e-187
394.7971180295074	6.612176089743782e-187
396.15995248812203	5.145544067288804e-187
397.5227869467367	3.678912044833827e-187
398.88562140535134	2.2122800223788494e-187
400.248455863966	7.456479999238718e-188
401.61129032258066	1.082664291729448e-185
402.9741247811953	8.198099834496227e-185
404.33695923980997	2.3191209483201348e-183
405.6997936984246	1.6496761203317344e-181
407.0626281570393	2.298819059522568e-179
408.42546261565394	5.359990199352532e-177
409.7882970742685	1.4101220305747536e-175
411.15113153288326	9.975562027834424e-174
412.51396599149786	1.67585076937286e-171
413.87680045011257	1.589066541102207e-169
415.2396349087272	3.2902504377105012e-167
416.6024693673419	1.2961191331808552e-164
417.9653038259565	8.670449997649585e-164
419.32813828457114	5.867256553272057e-162
420.69097274318574	6.83808229455228e-159
422.0538072018004	1.2747002231013506e-157
423.4166416604151	2.7830415936346356e-156
424.77947611902977	1.625032612337669e-154
426.1423105776445	1.7855266203236444e-152
427.50514503625914	1.125584625598069e-150
428.86797949487374	4.106036163218942e-149
430.2308139534884	1.804155280096529e-147
431.593648412103	2.049978577363431e-145
432.95648287071765	9.102559860237607e-144
434.3193173293323	4.566336962853272e-142
435.682151787947	8.457642038196437e-139
437.0449862465616	1.737408925151146e-138
438.4078207051763	1.6296353666827362e-135
439.770655163791	5.2402375728894366e-135
441.13348962240565	2.168457717209971e-133
442.49632408102025	1.1940163596882054e-131
443.8591585396349	9.726284989464456e-130
445.22199299824956	2.569469644166148e-128
446.58482745686416	1.2964374101663569e-126
447.9476619154788	5.411477681021368e-125
449.31049637409353	2.7291714414409926e-123
450.6733308327082	1.4125744866112494e-121
452.0361652913229	6.73826423846189e-119
453.3989997499375	2.2905755953394507e-118
454.76183420855216	1.141167398998054e-115
456.1246686671668	1.5640920782648381e-113
457.4875031257814	7.818374868564514e-112
458.8503375843961	1.5480340529302863e-111
460.2131720430108	2.688256630006229e-109
461.57600650162544	7.615069164498098e-109
462.93884096024004	3.981704937150965e-107
464.3016754188547	1.0146471990127304e-104
465.6645098774694	2.583444266451072e-104
467.02734433608407	2.2640023468828727e-102
468.39017879469867	6.53410087471135e-101
469.7530132533133	7.461046736931038e-98
471.1158477119279	2.771075374000441e-97
472.4786821705427	4.796046074308032e-97
473.8415166291573	4.585214895250233e-94
475.20435108777195	9.276551427811364e-94
476.56718554638655	7.317852596081628e-92
477.9300200050012	7.03211446749272e-91
479.2928544636159	6.316197415140877e-90
480.6556889222306	3.1517831615497324e-88
482.0185233808452	1.3620909388627082e-86
483.38135783945984	4.5551642186005174e-85
484.74419229807455	4.0824674696898147e-84
486.1070267566892	4.420999033662084e-83
487.4698612153038	2.0057002809702014e-81
488.83269567391847	3.762740269236369e-80
490.1955301325331	5.0319032395082007e-79
491.55836459114784	9.239617585315787e-78
492.92119904976244	1.581399766464276e-76
494.2840335083771	3.3005428451861737e-75
495.64686796699175	7.262283097432782e-74
497.00970242560635	1.0720242812490164e-72
498.37253688422106	1.860055825143414e-71
499.7353713428357	4.1358949243117054e-70
501.0982058014504	5.392395081653915e-69
502.461040260065	1.3838551752596114e-67
503.8238747186797	1.826197538768715e-66
505.18670917729435	2.631525843552825e-65
506.549543635909	3.201960812173783e-64
507.9123780945236	9.123723818855438e-63
509.27521255313826	8.003495949146528e-62
510.638047011753	1.0250116603453338e-60
512.0008814703676	2.3662521818317432e-59
513.3637159289823	6.937994309124061e-58
514.7265503875968	1.0880719602095776e-56
516.0893848462115	9.80428283479718e-56
517.4522193048263	8.243581268651095e-54
518.8150537634409	3.569941618949065e-53
520.1778882220555	6.315525111032791e-53
521.5407226806701	1.4211577639743619e-50
522.9035571392849	3.082621862971838e-50
524.2663915978995	1.193650206285396e-48
525.6292260565141	8.88273206829156e-48
526.9920605151287	1.6571813930298363e-47
528.3548949737434	2.464931576913722e-43
529.7177294323582	7.0238692788491415e-43
531.0805638909727	1.1582806980783798e-42
532.4433983495874	1.6141744682718837e-42
533.806232808202	2.0700682384653876e-42
535.1690672668167	8.004073100080539e-41
536.5319017254313	3.203867851107801e-40
537.894736184046	5.607328392207548e-40
539.2575706426607	3.8741991722250126e-38
540.6204051012753	9.209330006038196e-38
541.98323955989	1.189732968935257e-36
543.3460740185046	1.113076046019247e-35
544.7089084771193	2.1071787951449683e-35
546.0717429357339	7.986072973559974e-34
547.4345773943486	2.3534401008733983e-33
548.7974118529633	3.908272904390799e-33
550.1602463115779	1.853631883071906e-31
551.5230807701926	3.894844170311793e-31
552.8859152288072	6.819691244804559e-30
554.2487496874218	2.931167010075615e-29
555.6115841460365	5.180364895671149e-29
556.9744186046512	1.4541066688925186e-27
558.3372530632658	3.534195956087618e-27
559.7000875218804	1.5469115638895628e-26
561.0629219804952	1.7691493343007295e-25
562.4257564391098	3.383607512212368e-25
563.7885908977245	5.191081051039539e-24
565.151425356339	1.570665793829337e-23
566.5142598149537	2.6222234825548075e-23
567.8770942735684	5.131217135448628e-22
569.2399287321831	1.0878546199377454e-21
570.6027631907976	7.735977612656842e-21
571.9655976494123	3.409223057279884e-20
573.328432108027	6.044848353294084e-20
574.6912665666417	7.058718969318132e-19
576.0541010252563	1.719865900106278e-18
577.4169354838709	3.306550107506523e-18
578.7797699424856	3.60300716413522e-17
580.1426044011004	6.875359317520062e-17
581.5054388597149	4.506020667821569e-16
582.8682733183296	1.336295594702329e-15
584.2311077769442	2.2219891226225004e-15
585.5939422355589	1.8490408135956347e-14
586.9567766941735	3.8591306708108794e-14
588.3196111527882	1.2818373236116415e-13
589.6824456114028	5.106081606468209e-13
591.0452800700175	8.930325889324778e-13
592.4081145286322	4.607456671510799e-12
593.7709489872468	1.0704767031893565e-11
595.1337834458615	1.680207739227633e-11
596.4966179044761	9.630229111283881e-11
597.8594523630908	1.777400200241691e-10
599.2222868217054	5.62313898514884e-10
600.5851212803201	1.4730625195604078e-09
601.9479557389348	2.3838111406059317e-09
603.3107901975494	9.05531872624804e-09
604.673624656164	1.7578343003780732e-08
606.0364591147787	3.471141610326883e-08
607.3992935733934	1.0140383736023778e-07
608.762128032008	1.6809625861720676e-07
610.1249624906226	4.3390334395950097e-07
611.4877969492373	8.698316710971574e-07
612.850631407852	1.3057599982347774e-06
614.2134658664667	3.5479392399745445e-06
615.5763003250813	5.925016966297964e-06
616.9391347836959	1.1010411471936911e-05
618.3019692423106	2.1804934712587024e-05
619.6648037009253	3.2599457953236236e-05
621.02763815954	6.473379152640969e-05
622.3904726181545	0.00010545813534786199
623.7533070767691	0.0001551975690034366
625.1161415353839	0.0002824063088637071
626.4789759939986	0.00040961504872396703
627.8418104526131	0.0006359866278539873
629.2046449112278	0.0009633286252468796
630.5674793698425	0.0012906706226397991
631.9303138284572	0.0019439267774458932
633.2931482870717	0.002638815479005667
634.6559827456864	0.0034187057207595733
636.0188172043011	0.004527211766643452
637.3816516629158	0.005745648755240435
638.7444861215304	0.007143873217902283
640.107320580145	0.008719968659882003
641.4701550387597	0.010329937930040735
642.8329894973743	0.01193623022437925
644.195823955989	0.013470960811399528
645.5586584146037	0.014791098157965435
646.9214928732183	0.015859763648538135
648.284327331833	0.016545395726711896
649.6471617904476	0.01677735472360117
651.0099962490623	0.016526779714371227
652.3728307076769	0.015925779733838255
653.7356651662916	0.015178485604570219
655.0984996249063	0.013878609084104392
656.4613340835209	0.012486660525141188
657.8241685421356	0.010879206570262931
659.1870030007502	0.009271752615384675
660.5498374593649	0.007711633252572991
661.9126719179794	0.006207369838424043
663.2755063765942	0.004895022037126806
664.6383408352089	0.003744960536547716
666.0011752938235	0.0028042335561494786
667.364009752438	0.0020430640941981977
668.7268442110528	0.0014568732712805627
670.0896786696675	0.001006582882692719
671.4525131282821	0.0006844187947070188
672.8153475868967	0.0004623096635585889
674.1781820455113	0.00029057931644346015
675.5410165041261	0.0001971919861137863
676.9038509627408	0.00010959816928632002
678.2666854213553	6.537573253688841e-05
679.62951987997	3.719561637397502e-05
680.9923543385846	2.0903455616404464e-05
682.3551887971994	1.148945720072121e-05
683.7180232558139	6.2197813379478185e-06
685.0808577144286	3.2224932728819733e-06
686.4436921730432	1.6709385361245503e-06
687.806526631658	8.118951099995306e-07
689.1693610902726	4.0522581957522855e-07
690.5321955488872	1.8814773226905947e-07
691.8950300075019	8.983402781594192e-08
693.2578644661165	4.249563847474984e-08
694.6206989247312	1.7749339498585187e-08
695.9835333833458	1.1706691463415058e-08
697.3463678419605	5.66404342824493e-09
698.7092023005752	1.3822677459649424e-09
700.0720367591898	8.359097525844457e-10
701.4348712178045	2.8955175920394897e-10
702.7977056764191	9.85494932143522e-11
704.1605401350338	5.155364093560021e-11
705.5233745936484	8.583095619287181e-12
706.8862090522631	3.0252630865352365e-12
708.2490435108778	1.0344920043064724e-12
709.6118779694924	3.501430924097035e-13
710.9747124281071	1.0442428632788744e-13
712.3375468867216	3.46561320753281e-14
713.7003813453364	1.0688280889856667e-14
715.063215803951	2.9560043011967674e-15
716.4260502625657	9.211209183846133e-16
717.7888847211802	2.5660096347922373e-16
719.1517191797949	6.780277172879599e-17
720.5145536384097	1.9391282724801873e-17
721.8773880970243	4.817892085881639e-18
723.2402225556389	1.4475025602729842e-18
724.6030570142535	1.3737834730281598e-18
725.9658914728683	1.3000643857833291e-18
727.328725931483	1.2263452985385048e-18
728.6915603900975	1.1526262112936863e-18
730.0543948487121	1.078907124048862e-18
731.4172293073268	1.0051880368040374e-18
732.7800637659416	9.31468949559207e-19
734.1428982245561	8.577498623143885e-19
735.5057326831708	7.840307750695641e-19
736.8685671417854	7.103116878247396e-19
738.2314016004001	6.365926005799151e-19
739.5942360590147	5.628735133350905e-19
740.9570705176294	4.891544260902661e-19
742.3199049762441	4.154353388454416e-19
743.6827394348587	3.417162516006171e-19
745.0455738934734	2.6799716435579264e-19
746.408408352088	1.9427807711096816e-19
747.7712428107027	1.205589898661437e-19
749.1340772693173	4.6839902621319215e-20
750.496911727932	2.687918462350526e-20
751.8597461865467	1.0059827186832973e-19
753.2225806451613	1.743173591131542e-19
754.585415103776	2.480364463579787e-19
755.9482495623906	3.2175553360280296e-19
757.3110840210053	3.9547462084762763e-19
758.6739184796199	4.691937080924519e-19
760.0367529382346	5.429127953372766e-19
761.3995873968493	6.166318825821009e-19
762.7624218554638	6.903509698269194e-19
764.1252563140786	7.640700570717498e-19
765.4880907726932	8.377891443165745e-19
766.8509252313079	9.115082315613988e-19
768.2137596899224	9.852273188062173e-19
769.5765941485371	1.0589464060510415e-18
770.9394286071519	1.1326654932958724e-18
772.3022630657665	1.2063845805406967e-18
773.665097524381	1.2801036677855152e-18
775.0279319829957	1.3538227550303394e-18
776.3907664416105	1.4275418422751703e-18
777.7536009002251	1.5012609295199946e-18
779.1164353588397	1.574980016764813e-18
780.4792698174543	1.6486991040096373e-18
781.842104276069	1.722418191254462e-18
783.2049387346838	1.7961372784992926e-18
784.5677731932983	1.8698563657441108e-18
785.930607651913	1.943575452988935e-18
787.2934421105276	2.0172945402337593e-18
788.6562765691423	2.0910136274785844e-18
790.0191110277569	2.1647327147234087e-18
791.3819454863716	2.238451801968233e-18
792.7447799449862	2.312170889213058e-18
794.1076144036009	2.3858899764578823e-18
795.4704488622156	2.4596090637027066e-18
796.8332833208302	2.533328150947531e-18
798.1961177794449	2.607047238192356e-18
799.5589522380595	2.68076632543718e-18
800.9217866966742	2.7544854126820045e-18
802.2846211552888	2.8282044999268287e-18
803.6474556139035	2.9019235871716538e-18
805.0102900725182	2.975642674416478e-18
806.3731245311328	3.0493617616613024e-18
807.7359589897474	3.1230808489061205e-18
809.0987934483621	3.1967999361509517e-18
810.4616279069768	3.270519023395776e-18
811.8244623655914	3.3442381106406003e-18
813.187296824206	3.4179571978854184e-18
814.5501312828208	3.4916762851302496e-18
815.9129657414354	3.565395372375074e-18
817.2758002000501	3.639114459619898e-18
818.6386346586646	3.712833546864716e-18
820.0014691172794	3.7865526341095475e-18
821.364303575894	3.860271721354372e-18
822.7271380345087	3.933990808599196e-18
824.0899724931232	4.007709895844014e-18
825.4528069517379	4.081428983088839e-18
826.8156414103526	4.1551480703336635e-18
828.1784758689672	4.228867157578488e-18
829.541310327582	4.302586244823318e-18
830.9041447861964	4.376305332068131e-18
832.2669792448113	4.4500244193129676e-18
833.629813703426	4.523743506557792e-18
834.9926481620405	4.59746259380261e-18
836.3554826206552	4.671181681047435e-18
837.7183170792698	4.744900768292259e-18
839.0811515378845	4.8186198555370836e-18
840.4439859964991	4.892338942781908e-18
841.8068204551139	4.966058030026739e-18
843.1696549137283	5.039777117271551e-18
844.5324893723432	5.113496204516388e-18
845.8953238309576	5.1872152917611996e-18
847.2581582895724	5.260934379006031e-18
848.6209927481871	5.334653466250855e-18
849.9838272068017	5.408372553495679e-18
851.3466616654164	5.482091640740504e-18
852.7094961240309	5.5558107279853225e-18
854.0723305826458	5.629529815230158e-18
855.4351650412602	5.703248902474971e-18
856.797999499875	5.776967989719802e-18
858.1608339584895	5.85068707696462e-18
859.5236684171043	5.924406164209451e-18
860.886502875719	5.998125251454276e-18
862.2493373343336	6.0718443386990995e-18
863.6121717929482	6.145563425943918e-18
864.9750062515628	6.219282513188742e-18
866.3378407101777	6.293001600433579e-18
867.7006751687921	6.366720687678392e-18
869.0635096274069	6.440439774923222e-18
870.4263440860216	6.514158862168047e-18
871.7891785446362	6.587877949412872e-18
873.1520130032509	6.661597036657695e-18
874.5148474618654	6.735316123902514e-18
875.8776819204801	6.809035211147338e-18
877.2405163790947	6.882754298392163e-18
878.6033508377094	6.956473385636989e-18
879.966185296324	7.030192472881812e-18
881.3290197549388	7.103911560126643e-18
882.6918542135535	7.177630647371468e-18
884.0546886721681	7.251349734616292e-18
885.4175231307827	7.32506882186111e-18
886.7803575893973	7.398787909105934e-18
888.143192048012	7.47250699635076e-18
889.5060265066267	7.546226083595584e-18
890.8688609652413	7.619945170840408e-18
892.2316954238559	7.693664258085227e-18
893.5945298824705	7.767383345330052e-18
894.9573643410854	7.841102432574888e-18
896.3201987996999	7.914821519819706e-18
897.6830332583146	7.98854060706453e-18
899.0458677169293	8.062259694309355e-18
900.4087021755439	8.13597878155418e-18
901.7715366341586	8.209697868799004e-18
903.1343710927731	8.283416956043823e-18
904.4972055513878	8.357136043288648e-18
905.8600400100024	8.430855130533471e-18
907.2228744686172	8.504574217778302e-18
908.5857089272318	8.578293305023126e-18
909.9485433858465	8.652012392267951e-18
911.3113778444612	8.725731479512776e-18
912.6742123030758	8.7994505667576e-18
914.0370467616904	8.873169654002418e-18
915.399881220305	8.946888741247243e-18
916.7627156789197	9.020607828492067e-18
918.1255501375343	9.094326915736892e-18
919.4883845961491	9.168046002981722e-18
920.8512190547638	9.241765090226547e-18
922.2140535133784	9.315484177471372e-18
923.5768879719931	9.389203264716195e-18
924.9397224306076	9.462922351961014e-18
926.3025568892223	9.536641439205839e-18
927.6653913478369	9.610360526450663e-18
929.0282258064516	9.684079613695488e-18
930.3910602650662	9.757798700940313e-18
931.753894723681	9.831517788185142e-18
933.1167291822957	9.905236875429968e-18
934.4795636409103	9.978955962674791e-18
935.8423980995249	1.005267504991961e-17
937.2052325581395	1.0126394137164435e-17
938.5680670167542	1.0200113224409258e-17
939.9309014753688	1.0273832311654084e-17
941.2937359339835	1.0347551398898909e-17
942.656570392598	1.0421270486143726e-17
944.0194048512127	1.0494989573388551e-17
945.3822393098276	1.0568708660633387e-17
946.7450737684421	1.0642427747878206e-17
948.1079082270568	1.071614683512303e-17
949.4707426856714	1.0789865922367854e-17
950.8335771442861	1.086358500961268e-17
952.1964116029008	1.0937304096857504e-17
953.5592460615153	1.1011023184102322e-17
954.92208052013	1.1084742271347147e-17
956.2849149787446	1.115846135859197e-17
957.6477494373594	1.1232180445836801e-17
959.010583895974	1.1305899533081627e-17
960.3734183545887	1.137961862032645e-17
961.7362528132034	1.1453337707571275e-17
963.099087271818	1.15270567948161e-17
964.4619217304326	1.1600775882060918e-17
965.8247561890472	1.1674494969305743e-17
967.1875906476619	1.1748214056550566e-17
968.5504251062765	1.1821933143795391e-17
969.9132595648913	1.1895652231040222e-17
971.276094023506	1.1969371318285046e-17
972.6389284821206	1.2043090405529871e-17
974.0017629407353	1.2116809492774696e-17
975.3645973993498	1.2190528580019513e-17
976.7274318579645	1.2264247667264338e-17
978.0902663165791	1.2337966754509162e-17
979.4531007751938	1.2411685841753987e-17
980.8159352338084	1.248540492899881e-17
982.178769692423	1.255912401624363e-17
983.5416041510379	1.2632843103488467e-17
984.9044386096525	1.2706562190733292e-17
986.2672730682671	1.278028127797811e-17
987.6301075268817	1.2854000365222933e-17
988.9929419854964	1.2927719452467758e-17
990.355776444111	1.3001438539712583e-17
991.7186109027257	1.3075157626957408e-17
993.0814453613402	1.3148876714202227e-17
994.4442798199549	1.3222595801447049e-17
995.8071142785698	1.3296314888691886e-17
997.1699487371843	1.3370033975936705e-17
998.532783195799	1.344375306318153e-17
999.8956176544136	1.3517472150426355e-17
1001.2584521130283	1.359119123767118e-17
1002.6212865716429	1.3664910324916002e-17
1003.9841210302575	1.3738629412160821e-17
1005.3469554888721	1.3812348499405646e-17
1006.7097899474868	1.388606758665047e-17
1008.0726244061016	1.3959786673895302e-17
1009.4354588647162	1.4033505761140124e-17
1010.7982933233309	1.410722484838495e-17
1012.1611277819455	1.4180943935629774e-17
1013.5239622405602	1.42546630228746e-17
1014.8867966991747	1.4328382110119418e-17
1016.2496311577894	1.440210119736424e-17
1017.612465616404	1.4475820284609065e-17
1018.9753000750187	1.454953937185389e-17
1020.3381345336334	1.4623258459098715e-17
1021.7009689922481	1.4696977546343547e-17
1023.0638034508628	1.4770696633588372e-17
1024.4266379094774	1.4844415720833194e-17
1025.789472368092	1.4918134808078013e-17
1027.1523068267068	1.4991853895322844e-17
1028.5151412853213	1.5065572982567663e-17
1029.8779757439358	1.513929206981248e-17
1031.2408102025506	1.521301115705731e-17
1032.6036446611652	1.528673024430213e-17
1033.96647911978	1.536044933154696e-17
1035.3293135783947	1.543416841879179e-17
1036.6921480370092	1.550788750603661e-17
1038.054982495624	1.5581606593281438e-17
1039.4178169542386	1.5655325680526257e-17
1040.780651412853	1.5729044767771076e-17
1042.1434858714679	1.5802763855015907e-17
1043.5063203300824	1.5876482942260726e-17
1044.8691547886972	1.5950202029505557e-17
1046.231989247312	1.6023921116750385e-17
1047.5948237059265	1.6097640203995204e-17
1048.9576581645413	1.6171359291240035e-17
1050.3204926231558	1.6245078378484854e-17
1051.6833270817704	1.6318797465729673e-17
1053.0461615403851	1.63925165529745e-17
1054.4089959989997	1.646623564021932e-17
1055.7718304576144	1.653995472746415e-17
1057.134664916229	1.661367381470897e-17
1058.4974993748435	1.668739290195379e-17
1059.8603338334585	1.676111198919863e-17
1061.223168292073	1.6834831076443448e-17
1062.5860027506876	1.6908550163688267e-17
1063.9488372093024	1.69822692509331e-17
1065.311671667917	1.7055988338177917e-17
1066.6745061265317	1.712970742542275e-17
1068.0373405851462	1.7203426512667564e-17
1069.4001750437608	1.7277145599912383e-17
1070.7630095023756	1.7350864687157215e-17
1072.1258439609903	1.7424583774402046e-17
1073.4886784196049	1.7498302861646865e-17
1074.8515128782196	1.7572021948891693e-17
1076.2143473368342	1.7645741036136512e-17
1077.577181795449	1.7719460123381343e-17
1078.9400162540635	1.7793179210626162e-17
1080.302850712678	1.786689829787098e-17
1081.6656851712928	1.7940617385115812e-17
1083.0285196299074	1.8014336472360628e-17
1084.3913540885221	1.808805555960546e-17
1085.754188547137	1.816177464685029e-17
1087.1170230057514	1.823549373409511e-17
1088.4798574643662	1.830921282133994e-17
1089.8426919229807	1.8382931908584756e-17
1091.2055263815953	1.8456650995829575e-17
1092.56836084021	1.8530370083074406e-17
1093.9311952988246	1.8604089170319225e-17
1095.2940297574394	1.8677808257564056e-17
1096.656864216054	1.8751527344808872e-17
1098.0196986746687	1.8825246432053703e-17
1099.3825331332835	1.8898965519298535e-17
1100.745367591898	1.8972684606543353e-17
1102.1082020505125	1.9046403693788172e-17
1103.4710365091273	1.9120122781033004e-17
1104.8338709677419	1.919384186827782e-17
1106.1967054263566	1.926756095552265e-17
1107.5595398849712	1.934128004276747e-17
1108.9223743435857	1.9414999130012288e-17
1110.2852088022007	1.9488718217257132e-17
1111.6480432608153	1.9562437304501948e-17
1113.0108777194298	1.9636156391746767e-17
1114.3737121780446	1.9709875478991598e-17
1115.736546636659	1.9783594566236417e-17
1117.0993810952739	1.9857313653481248e-17
1118.4622155538884	1.9931032740726064e-17
1119.825050012503	2.0004751827970883e-17
1121.1878844711177	2.0078470915215714e-17
1122.5507189297325	2.0152190002460545e-17
1123.913553388347	2.0225909089705364e-17
1125.2763878469618	2.0299628176950195e-17
1126.6392223055764	2.037334726419501e-17
1128.0020567641911	2.0447066351439842e-17
1129.3648912228057	2.052078543868466e-17
1130.7277256814202	2.059450452592948e-17
1132.090560140035	2.066822361317431e-17
1133.4533945986495	2.0741942700419127e-17
1134.8162290572643	2.0815661787663958e-17
1136.179063515879	2.088938087490879e-17
1137.5418979744936	2.0963099962153608e-17
1138.9047324331084	2.103681904939844e-17
1140.267566891723	2.1110538136643255e-17
1141.6304013503375	2.1184257223888074e-17
1142.9932358089522	2.1257976311132905e-17
1144.3560702675668	2.1331695398377724e-17
1145.7189047261816	2.1405414485622555e-17
1147.081739184796	2.1479133572867374e-17
1148.4445736434109	2.1552852660112202e-17
1149.8074081020256	2.1626571747357034e-17
1151.1702425606402	2.1700290834601853e-17
1152.5330770192547	2.177400992184667e-17
1153.8959114778695	2.1847729009091503e-17
1155.258745936484	2.192144809633632e-17
1156.6215803950988	2.199516718358115e-17
1157.9844148537134	2.206888627082597e-17
1159.347249312328	2.2142605358070788e-17
1160.710083770943	2.221632444531563e-17
1162.0729182295574	2.2290043532560447e-17
1163.435752688172	2.2363762619805266e-17
1164.7985871467868	2.2437481707050097e-17
1166.1614216054013	2.2511200794294916e-17
1167.524256064016	2.2584919881539747e-17
1168.8870905226306	2.2658638968784566e-17
1170.2499249812452	2.2732358056029382e-17
1171.61275943986	2.2806077143274213e-17
1172.9755938984747	2.2879796230519044e-17
1174.3384283570892	2.2953515317763863e-17
1175.701262815704	2.3027234405008694e-17
1177.0640972743186	2.310095349225351e-17
1178.4269317329333	2.317467257949834e-17
1179.7897661915479	2.324839166674316e-17
1181.1526006501624	2.332211075398798e-17
1182.5154351087772	2.339582984123281e-17
1183.8782695673917	2.3469548928477626e-17
1185.2411040260065	2.3543268015722457e-17
1186.6039384846213	2.361698710296729e-17
1187.9667729432358	2.3690706190212107e-17
1189.3296074018506	2.376442527745694e-17
1190.6924418604651	2.3838144364701758e-17
1192.0552763190797	2.3911863451946573e-17
1193.4181107776944	2.3985582539191405e-17
1194.780945236309	2.4059301626436223e-17
1196.1437796949238	2.4133020713681055e-17
1197.5066141535383	2.4206739800925874e-17
1198.869448612153	2.4280458888170702e-17
1200.2322830707678	2.4354177975415533e-17
1201.5951175293824	2.4427897062660352e-17
1202.957951987997	2.450161614990517e-17
1204.3207864466117	2.4575335237150002e-17
1205.6836209052262	2.464905432439482e-17
1207.046455363841	2.472277341163965e-17
1208.4092898224555	2.4796492498884468e-17
1209.77212428107	2.4870211586129287e-17
1211.134958739685	2.494393067337413e-17
1212.4977931982996	2.501764976061895e-17
1213.8606276569142	2.5091368847863765e-17
1215.223462115529	2.5165087935108596e-17
1216.5862965741435	2.5238807022353415e-17
1217.9491310327583	2.5312526109598246e-17
1219.3119654913728	2.5386245196843065e-17
1220.6747999499873	2.545996428408788e-17
1222.0376344086021	2.5533683371332712e-17
1223.4004688672167	2.560740245857753e-17
1224.7633033258314	2.5681121545822362e-17
1226.1261377844462	2.5754840633067193e-17
1227.4889722430607	2.5828559720312012e-17
1228.8518067016755	2.590227880755684e-17
1230.21464116029	2.597599789480166e-17
1231.5774756189048	2.604971698204649e-17
1232.9403100775194	2.612343606929131e-17
1234.303144536134	2.6197155156536128e-17
1235.6659789947487	2.6270874243780957e-17
1237.0288134533635	2.634459333102579e-17
1238.391647911978	2.641831241827061e-17
1239.7544823705928	2.6492031505515435e-17
1241.1173168292073	2.6565750592760254e-17
1242.480151287822	2.6639469680005085e-17
1243.8429857464366	2.6713188767249904e-17
1245.2058202050512	2.6786907854494723e-17
1246.568654663666	2.6860626941739554e-17
1247.9314891222805	2.6934346028984373e-17
1249.2943235808953	2.7008065116229204e-17
1250.65715803951	2.7081784203474035e-17
1252.0199924981246	2.7155503290718854e-17
1253.3828269567393	2.722922237796368e-17
1254.7456614153539	2.7302941465208498e-17
1256.1084958739684	2.7376660552453317e-17
1257.4713303325832	2.7450379639698148e-17
1258.8341647911977	2.7524098726942967e-17
1260.1969992498125	2.7597817814187798e-17
1261.559833708427	2.7671536901432617e-17
1262.9226681670418	2.7745255988677448e-17
1264.2855026256566	2.781897507592228e-17
1265.6483370842711	2.78926941631671e-17
1267.0111715428857	2.796641325041192e-17
1268.3740060015004	2.804013233765674e-17
1269.736840460115	2.811385142490156e-17
1271.0996749187298	2.818757051214639e-17
1272.4625093773443	2.826128959939121e-17
1273.8253438359588	2.833500868663603e-17
1275.1881782945738	2.8408727773880874e-17
1276.5510127531884	2.848244686112569e-17
1277.913847211803	2.855616594837051e-17
1279.2766816704177	2.862988503561534e-17
1280.6395161290322	2.870360412286016e-17
1282.002350587647	2.877732321010499e-17
1283.3651850462616	2.8851042297349806e-17
1284.728019504876	2.8924761384594625e-17
1286.0908539634909	2.8998480471839456e-17
1287.4536884221056	2.907219955908429e-17
1288.8165228807202	2.9145918646329106e-17
1290.179357339335	2.921963773357394e-17
1291.5421917979495	2.9293356820818756e-17
1292.9050262565643	2.936707590806359e-17
1294.2678607151788	2.9440794995308406e-17
1295.6306951737934	2.9514514082553225e-17
1296.9935296324081	2.958823316979805e-17
1298.3563640910227	2.966195225704287e-17
1299.7191985496374	2.97356713442877e-17
